Application;Group Name;Job Name;Odate;Start Time;End Time;Run Time;Status;Description;Member Name;Task Type;Deleted;Rerun Counter;Cyclic;CONTROL-M Name;Table;Run as User;Hostname;Nodegroup;Order id;
CEL-CELERIS;CELCEL_J11TRT_04_H;CELCEL_J11TRT_04_H;"September 12, 2026";"September 12, 2026 1:30:10 PM";;;Executing;CELERIS : Traitement Maintenance Bdd;;SMART Table;No;1;No;CTMSRV;CELCEL_J11TRT_04_H;;;;409c6
CEL-CELERIS;CELCEL_J11TRT_04_H;CELCEL_J11TRT_04_WRK01_H;"September 12, 2026";"September 12, 2026 2:00:00 PM";;;Executing;CELERIS : Traitement Maintenance Bdd;lance_Traitement_Interne.bat;Job;No;1;No;CTMSRV;CELCEL_J11TRT_04_H;svce_cm;wdkcelp12;A_W_CEL12;409c7
CID-CONTRACTUAL INVO;CIDCID_F20TRT_04_H;CIDCID_F20TRT_04_H;"September 12, 2026";"September 12, 2026 1:30:09 PM";;;Executing;Allegement PDF Facturation;;SMART Table;No;1;No;CTMSRV;CIDCID_F20TRT_04_H;;;;408zv
CID-CONTRACTUAL INVO;CIDCID_F20TRT_04_H;CIDCID_F20TRT_04_WRK01_H;"September 12, 2026";"September 12, 2026 2:00:00 PM";;;Executing;Allegement PDF Facturation;lance_Traitement_Interne.bat;Job;No;1;No;CTMSRV;CIDCID_F20TRT_04_H;svce_cm;wdkcidp12;A_W_CID12;408zw
CID-CONTRACTUAL INVO;CIDCID_K12SVG_03_H;CIDCID_K12SVG_03_NBU01_H;"September 12, 2026";;;;Wait for Event;Sauvegarde Full NBU du serveur WDKCIDP01;NetbackupRemoteCtm_Full.ksh;Dummy;No;0;No;CTMSRV;CIDCID_K12SVG_03_H;root;NOTEXIST;NOTEXIST;408p1
CID-CONTRACTUAL INVO;CIDCID_K12SVG_03_H;CIDCID_K12SVG_03_NBU02_H;"September 12, 2026";;;;Wait for Event;Sauvegarde Full NBU du serveur WDKCIDP02;NetbackupRemoteCtm_Full.ksh;Dummy;No;0;No;CTMSRV;CIDCID_K12SVG_03_H;root;NOTEXIST;NOTEXIST;408p2
CID-CONTRACTUAL INVO;CIDCID_K12SVG_03_H;CIDCID_K12SVG_03_NBU03_H;"September 12, 2026";;;;Wait for Event;Sauvegarde Full NBU du serveur WDKCIDP03;NetbackupRemoteCtm_Full.ksh;Dummy;No;0;No;CTMSRV;CIDCID_K12SVG_03_H;root;NOTEXIST;NOTEXIST;408p3
CID-CONTRACTUAL INVO;CIDECO_F11INT_05_Q;CIDECO_F11INT_05_LIM01_Q;"September 12, 2026";;;;Wait for Event;limite horaire 00H00 CID si pb A00ON  ECO;W512_LIMITCID0200;Dummy;No;0;No;CTMSRV;CIDECO_F11INT_05_Q;root;;;407az
CID-CONTRACTUAL INVO;CIDEXT_F11GEN_06_Q;CIDEXT_F11GEN_06_Q;"September 12, 2026";"September 12, 2026 1:30:10 PM";"September 12, 2026 1:30:11 PM";;Ended OK;;;SMART Table;No;1;No;CTMSRV;CIDEXT_F11GEN_06_Q;;;;407bl
CID-CONTRACTUAL INVO;CIDOAP_F11GEN_06_Q;CIDOAP_F11GEN_06_Q;"September 12, 2026";"September 12, 2026 1:30:09 PM";"September 12, 2026 1:30:11 PM";;Ended OK;;;SMART Table;No;1;No;CTMSRV;CIDOAP_F11GEN_06_Q;;;;4085l
CID-CONTRACTUAL INVO;CIDPEL_F11GEN_06_Q;CIDPEL_F11GEN_06_Q;"September 12, 2026";"September 12, 2026 1:30:09 PM";"September 12, 2026 1:30:11 PM";;Ended OK;;;SMART Table;No;1;No;CTMSRV;CIDPEL_F11GEN_06_Q;;;;40914
CID-CONTRACTUAL INVO;CIDSIC_F11GEN_06_Q;CIDSIC_F11GEN_06_Q;"September 12, 2026";"September 12, 2026 1:30:09 PM";"September 12, 2026 1:30:11 PM";;Ended OK;;;SMART Table;No;1;No;CTMSRV;CIDSIC_F11GEN_06_Q;;;;408gd
CRT-CRT;CRTCRT_E21TEC_V1_Q;CRTCRT_E21TEC_V1_PUR01_Q;"September 12, 2026";"September 12, 2026 3:00:00 PM";"September 12, 2026 3:00:09 PM";;Ended OK;Purge des logs;PURGE_FICHIER.exe;Job;No;1;No;CTMSRV;CRTCRT_E21TEC_V1_Q;crtuser;wdkcrtv1p03;wdkcrtv1p03;408k5
CRT-CRT;CRTCRT_E21TEC_V1_Q;CRTCRT_E21TEC_V1_Q;"September 12, 2026";"September 12, 2026 1:30:09 PM";"September 12, 2026 3:00:09 PM";;Ended OK;Chaine de purge  des logs sur le serveur WDKMOSVP03;;SMART Table;No;1;No;CTMSRV;CRTCRT_E21TEC_V1_Q;;ldkctmp50;;408k4
CRT-CRT;CRTCRT_E21TEC_XX_Q;CRTCRT_E21TEC_XX_ARC01_Q;"September 12, 2026";"September 12, 2026 4:30:00 PM";"September 12, 2026 4:30:01 PM";;Wait for Event;Archivage des logs;Archivage_Logs_BridgeClient.bat;Job;No;4;Yes;CTMSRV;CRTCRT_E21TEC_XX_Q;crtuser;wdkcrtbcp01;wdkcrtbcp01;407jo
CRT-CRT;CRTCRT_E21TEC_XX_Q;CRTCRT_E21TEC_XX_ARC01_Q;"September 12, 2026";"September 12, 2026 4:30:00 PM";"September 12, 2026 4:30:01 PM";;Wait for Event;Archivage des logs;Archivage_Logs_BridgeClient.bat;Job;No;4;Yes;CTMSRV;CRTCRT_E21TEC_XX_Q;crtuser;wdkcrtbcp04;wdkcrtbcp04;407jr
CRT-CRT;CRTCRT_E21TEC_XX_Q;CRTCRT_E21TEC_XX_ARC01_Q;"September 12, 2026";"September 12, 2026 4:30:00 PM";"September 12, 2026 4:30:01 PM";;Wait for Event;Archivage des logs;Archivage_Logs_BridgeClient.bat;Job;No;4;Yes;CTMSRV;CRTCRT_E21TEC_XX_Q;crtuser;wdkcrttdp01;wdkcrttdp01;407jv
CRT-CRT;CRTCRT_E21TEC_XX_Q;CRTCRT_E21TEC_XX_ARC01_Q;"September 12, 2026";"September 12, 2026 4:30:00 PM";"September 12, 2026 4:30:01 PM";;Wait for Event;Archivage des logs;Archivage_Logs_BridgeClient.bat;Job;No;4;Yes;CTMSRV;CRTCRT_E21TEC_XX_Q;crtuser;wdkcrttdp02;wdkcrttdp02;407jw
CRT-CRT;CRTCRT_E21TEC_XX_Q;CRTCRT_E21TEC_XX_ARC01_Q;"September 12, 2026";"September 12, 2026 4:30:00 PM";"September 12, 2026 4:30:01 PM";;Wait for Event;Archivage des logs;Archivage_Logs_BridgeClient.bat;Job;No;4;Yes;CTMSRV;CRTCRT_E21TEC_XX_Q;crtuser;wdkcrttdp03;wdkcrttdp03;407jx
CRT-CRT;CRTCRT_E21TEC_XX_Q;CRTCRT_E21TEC_XX_ARC01_Q;"September 12, 2026";"September 12, 2026 4:30:00 PM";"September 12, 2026 4:30:01 PM";;Wait for Event;Archivage des logs;Archivage_Logs_BridgeClient.bat;Job;No;4;Yes;CTMSRV;CRTCRT_E21TEC_XX_Q;crtuser;wdkcrttdp05;wdkcrttdp05;407jz
CRT-CRT;CRTCRT_E21TEC_XX_Q;CRTCRT_E21TEC_XX_ARC01_Q;"September 12, 2026";"September 12, 2026 4:30:00 PM";"September 12, 2026 4:30:01 PM";;Wait for Event;Archivage des logs;Archivage_Logs_BridgeClient.bat;Job;No;4;Yes;CTMSRV;CRTCRT_E21TEC_XX_Q;crtuser;wdkcrttmp02;wdkcrttmp02;407k3
CRT-CRT;CRTCRT_E21TEC_XX_Q;CRTCRT_E21TEC_XX_ARC01_Q;"September 12, 2026";"September 12, 2026 4:30:00 PM";"September 12, 2026 4:30:01 PM";;Wait for Event;Archivage des logs;Archivage_Logs_BridgeClient.bat;Job;No;4;Yes;CTMSRV;CRTCRT_E21TEC_XX_Q;crtuser;wdkcrttmp03;wdkcrttmp03;407k4
CRT-CRT;CRTCRT_E21TEC_XX_Q;CRTCRT_E21TEC_XX_ARC01_Q;"September 12, 2026";"September 12, 2026 4:30:00 PM";"September 12, 2026 4:30:01 PM";;Wait for Event;Archivage des logs;Archivage_Logs_BridgeClient.bat;Job;No;4;Yes;CTMSRV;CRTCRT_E21TEC_XX_Q;crtuser;wdkcrttmp04;wdkcrttmp04;407k5
CRT-CRT;CRTCRT_E21TEC_XX_Q;CRTCRT_E21TEC_XX_ARC01_Q;"September 12, 2026";"September 12, 2026 4:30:00 PM";"September 12, 2026 4:30:01 PM";;Wait for Event;Archivage des logs;Archivage_Logs_BridgeClient.bat;Job;No;4;Yes;CTMSRV;CRTCRT_E21TEC_XX_Q;crtuser;wdkcrttmp05;wdkcrttmp05;407k6
CRT-CRT;CRTCRT_E21TEC_XX_Q;CRTCRT_E21TEC_XX_ARC01_Q;"September 12, 2026";"September 12, 2026 4:30:00 PM";"September 12, 2026 4:30:02 PM";;Wait for Event;Archivage des logs;Archivage_Logs_BridgeClient.bat;Job;No;4;Yes;CTMSRV;CRTCRT_E21TEC_XX_Q;crtuser;wdkcrtbcp03;wdkcrtbcp03;407jq
CRT-CRT;CRTCRT_E21TEC_XX_Q;CRTCRT_E21TEC_XX_ARC01_Q;"September 12, 2026";"September 12, 2026 4:30:00 PM";"September 12, 2026 4:30:02 PM";;Wait for Event;Archivage des logs;Archivage_Logs_BridgeClient.bat;Job;No;4;Yes;CTMSRV;CRTCRT_E21TEC_XX_Q;crtuser;wdkcrttdp06;wdkcrttdp06;407k0
CRT-CRT;CRTCRT_E21TEC_XX_Q;CRTCRT_E21TEC_XX_ARC01_Q;"September 12, 2026";"September 12, 2026 4:30:00 PM";"September 12, 2026 4:30:02 PM";;Wait for Event;Archivage des logs;Archivage_Logs_BridgeClient.bat;Job;No;4;Yes;CTMSRV;CRTCRT_E21TEC_XX_Q;crtuser;wdkcrttmp01;wdkcrttmp01;407k2
CRT-CRT;CRTCRT_E21TEC_XX_Q;CRTCRT_E21TEC_XX_ARC01_Q;"September 12, 2026";"September 12, 2026 4:30:00 PM";"September 12, 2026 4:30:03 PM";;Wait for Event;Archivage des logs;Archivage_Logs_BridgeClient.bat;Job;No;4;Yes;CTMSRV;CRTCRT_E21TEC_XX_Q;crtuser;wdkcrtbcp02;wdkcrtbcp02;407jp
CRT-CRT;CRTCRT_E21TEC_XX_Q;CRTCRT_E21TEC_XX_ARC01_Q;"September 12, 2026";"September 12, 2026 4:30:00 PM";"September 12, 2026 4:30:03 PM";;Wait for Event;Archivage des logs;Archivage_Logs_BridgeClient.bat;Job;No;4;Yes;CTMSRV;CRTCRT_E21TEC_XX_Q;crtuser;wdkcrttdp04;wdkcrttdp04;407jy
CRT-CRT;CRTCRT_E21TEC_XX_Q;CRTCRT_E21TEC_XX_ARC01_Q;"September 12, 2026";"September 12, 2026 4:30:00 PM";"September 12, 2026 4:30:06 PM";;Wait for Event;Archivage des logs;Archivage_Logs_BridgeClient.bat;Job;No;4;Yes;CTMSRV;CRTCRT_E21TEC_XX_Q;crtuser;wdkcrttcp02;wdkcrttcp02;407jt
CRT-CRT;CRTCRT_E21TEC_XX_Q;CRTCRT_E21TEC_XX_ARC01_Q;"September 12, 2026";"September 12, 2026 4:30:00 PM";"September 12, 2026 4:30:06 PM";;Wait for Event;Archivage des logs;Archivage_Logs_BridgeClient.bat;Job;No;4;Yes;CTMSRV;CRTCRT_E21TEC_XX_Q;crtuser;wdkcrttcp03;wdkcrttcp03;407ju
CRT-CRT;CRTCRT_E21TEC_XX_Q;CRTCRT_E21TEC_XX_ARC01_Q;"September 12, 2026";"September 12, 2026 4:30:00 PM";"September 12, 2026 4:30:06 PM";;Wait for Event;Archivage des logs;Archivage_Logs_BridgeClient.bat;Job;No;4;Yes;CTMSRV;CRTCRT_E21TEC_XX_Q;crtuser;wdkcrttgp01;wdkcrttgp01;407k1
CRT-CRT;CRTCRT_E21TEC_XX_Q;CRTCRT_E21TEC_XX_ARC01_Q;"September 12, 2026";"September 12, 2026 4:30:00 PM";"September 12, 2026 4:30:07 PM";;Wait for Event;Archivage des logs;Archivage_Logs_BridgeClient.bat;Job;No;4;Yes;CTMSRV;CRTCRT_E21TEC_XX_Q;crtuser;wdkcrttcp01;wdkcrttcp01;407js
CRT-CRT;CRTCRT_E21TEC_XX_Q;CRTCRT_E21TEC_XX_PUR01_Q;"September 12, 2026";;;;Wait for Event;Purge des logs;PURGE_FICHIER.exe;Job;No;0;No;CTMSRV;CRTCRT_E21TEC_XX_Q;crtuser;wdkcrtb2p01;wdkcrtb2p01;407ir
CRT-CRT;CRTCRT_E21TEC_XX_Q;CRTCRT_E21TEC_XX_PUR01_Q;"September 12, 2026";;;;Wait for Event;Purge des logs;PURGE_FICHIER.exe;Job;No;0;No;CTMSRV;CRTCRT_E21TEC_XX_Q;crtuser;wdkcrtbcp01;wdkcrtbcp01;407is
CRT-CRT;CRTCRT_E21TEC_XX_Q;CRTCRT_E21TEC_XX_PUR01_Q;"September 12, 2026";;;;Wait for Event;Purge des logs;PURGE_FICHIER.exe;Job;No;0;No;CTMSRV;CRTCRT_E21TEC_XX_Q;crtuser;wdkcrtbcp02;wdkcrtbcp02;407it
CRT-CRT;CRTCRT_E21TEC_XX_Q;CRTCRT_E21TEC_XX_PUR01_Q;"September 12, 2026";;;;Wait for Event;Purge des logs;PURGE_FICHIER.exe;Job;No;0;No;CTMSRV;CRTCRT_E21TEC_XX_Q;crtuser;wdkcrtbcp03;wdkcrtbcp03;407iu
CRT-CRT;CRTCRT_E21TEC_XX_Q;CRTCRT_E21TEC_XX_PUR01_Q;"September 12, 2026";;;;Wait for Event;Purge des logs;PURGE_FICHIER.exe;Job;No;0;No;CTMSRV;CRTCRT_E21TEC_XX_Q;crtuser;wdkcrtbcp04;wdkcrtbcp04;407iv
CRT-CRT;CRTCRT_E21TEC_XX_Q;CRTCRT_E21TEC_XX_PUR01_Q;"September 12, 2026";;;;Wait for Event;Purge des logs;PURGE_FICHIER.exe;Job;No;0;No;CTMSRV;CRTCRT_E21TEC_XX_Q;crtuser;wdkcrtbcp05;wdkcrtbcp05;407iw
CRT-CRT;CRTCRT_E21TEC_XX_Q;CRTCRT_E21TEC_XX_PUR01_Q;"September 12, 2026";;;;Wait for Event;Purge des logs;PURGE_FICHIER.exe;Job;No;0;No;CTMSRV;CRTCRT_E21TEC_XX_Q;crtuser;wdkcrtbgp01;wdkcrtbgp01;407ix
CRT-CRT;CRTCRT_E21TEC_XX_Q;CRTCRT_E21TEC_XX_PUR01_Q;"September 12, 2026";;;;Wait for Event;Purge des logs;PURGE_FICHIER.exe;Job;No;0;No;CTMSRV;CRTCRT_E21TEC_XX_Q;crtuser;wdkcrtecp01;wdkcrtecp01;407iy
CRT-CRT;CRTCRT_E21TEC_XX_Q;CRTCRT_E21TEC_XX_PUR01_Q;"September 12, 2026";;;;Wait for Event;Purge des logs;PURGE_FICHIER.exe;Job;No;0;No;CTMSRV;CRTCRT_E21TEC_XX_Q;crtuser;wdkcrtecp02;wdkcrtecp02;407iz
CRT-CRT;CRTCRT_E21TEC_XX_Q;CRTCRT_E21TEC_XX_PUR01_Q;"September 12, 2026";;;;Wait for Event;Purge des logs;PURGE_FICHIER.exe;Job;No;0;No;CTMSRV;CRTCRT_E21TEC_XX_Q;crtuser;wdkcrtexp01;wdkcrtexp01;407j0
CRT-CRT;CRTCRT_E21TEC_XX_Q;CRTCRT_E21TEC_XX_PUR01_Q;"September 12, 2026";;;;Wait for Event;Purge des logs;PURGE_FICHIER.exe;Job;No;0;No;CTMSRV;CRTCRT_E21TEC_XX_Q;crtuser;wdkcrtg2p01;wdkcrtg2p01;407j1
CRT-CRT;CRTCRT_E21TEC_XX_Q;CRTCRT_E21TEC_XX_PUR01_Q;"September 12, 2026";;;;Wait for Event;Purge des logs;PURGE_FICHIER.exe;Job;No;0;No;CTMSRV;CRTCRT_E21TEC_XX_Q;crtuser;wdkcrtg2p02;wdkcrtg2p02;407j2
CRT-CRT;CRTCRT_E21TEC_XX_Q;CRTCRT_E21TEC_XX_PUR01_Q;"September 12, 2026";;;;Wait for Event;Purge des logs;PURGE_FICHIER.exe;Job;No;0;No;CTMSRV;CRTCRT_E21TEC_XX_Q;crtuser;wdkcrtinp01;wdkcrtinp01;407j3
CRT-CRT;CRTCRT_E21TEC_XX_Q;CRTCRT_E21TEC_XX_PUR01_Q;"September 12, 2026";;;;Wait for Event;Purge des logs;PURGE_FICHIER.exe;Job;No;0;No;CTMSRV;CRTCRT_E21TEC_XX_Q;crtuser;wdkcrttcp01;wdkcrttcp01;407j4
CRT-CRT;CRTCRT_E21TEC_XX_Q;CRTCRT_E21TEC_XX_PUR01_Q;"September 12, 2026";;;;Wait for Event;Purge des logs;PURGE_FICHIER.exe;Job;No;0;No;CTMSRV;CRTCRT_E21TEC_XX_Q;crtuser;wdkcrttcp02;wdkcrttcp02;407j5
CRT-CRT;CRTCRT_E21TEC_XX_Q;CRTCRT_E21TEC_XX_PUR01_Q;"September 12, 2026";;;;Wait for Event;Purge des logs;PURGE_FICHIER.exe;Job;No;0;No;CTMSRV;CRTCRT_E21TEC_XX_Q;crtuser;wdkcrttcp03;wdkcrttcp03;407j6
CRT-CRT;CRTCRT_E21TEC_XX_Q;CRTCRT_E21TEC_XX_PUR01_Q;"September 12, 2026";;;;Wait for Event;Purge des logs;PURGE_FICHIER.exe;Job;No;0;No;CTMSRV;CRTCRT_E21TEC_XX_Q;crtuser;wdkcrttdp01;wdkcrttdp01;407j7
CRT-CRT;CRTCRT_E21TEC_XX_Q;CRTCRT_E21TEC_XX_PUR01_Q;"September 12, 2026";;;;Wait for Event;Purge des logs;PURGE_FICHIER.exe;Job;No;0;No;CTMSRV;CRTCRT_E21TEC_XX_Q;crtuser;wdkcrttdp02;wdkcrttdp02;407j8
CRT-CRT;CRTCRT_E21TEC_XX_Q;CRTCRT_E21TEC_XX_PUR01_Q;"September 12, 2026";;;;Wait for Event;Purge des logs;PURGE_FICHIER.exe;Job;No;0;No;CTMSRV;CRTCRT_E21TEC_XX_Q;crtuser;wdkcrttdp03;wdkcrttdp03;407j9
CRT-CRT;CRTCRT_E21TEC_XX_Q;CRTCRT_E21TEC_XX_PUR01_Q;"September 12, 2026";;;;Wait for Event;Purge des logs;PURGE_FICHIER.exe;Job;No;0;No;CTMSRV;CRTCRT_E21TEC_XX_Q;crtuser;wdkcrttdp04;wdkcrttdp04;407ja
CRT-CRT;CRTCRT_E21TEC_XX_Q;CRTCRT_E21TEC_XX_PUR01_Q;"September 12, 2026";;;;Wait for Event;Purge des logs;PURGE_FICHIER.exe;Job;No;0;No;CTMSRV;CRTCRT_E21TEC_XX_Q;crtuser;wdkcrttdp05;wdkcrttdp05;407jb
CRT-CRT;CRTCRT_E21TEC_XX_Q;CRTCRT_E21TEC_XX_PUR01_Q;"September 12, 2026";;;;Wait for Event;Purge des logs;PURGE_FICHIER.exe;Job;No;0;No;CTMSRV;CRTCRT_E21TEC_XX_Q;crtuser;wdkcrttdp06;wdkcrttdp06;407jc
CRT-CRT;CRTCRT_E21TEC_XX_Q;CRTCRT_E21TEC_XX_PUR01_Q;"September 12, 2026";;;;Wait for Event;Purge des logs;PURGE_FICHIER.exe;Job;No;0;No;CTMSRV;CRTCRT_E21TEC_XX_Q;crtuser;wdkcrttgp01;wdkcrttgp01;407jd
CRT-CRT;CRTCRT_E21TEC_XX_Q;CRTCRT_E21TEC_XX_PUR01_Q;"September 12, 2026";;;;Wait for Event;Purge des logs;PURGE_FICHIER.exe;Job;No;0;No;CTMSRV;CRTCRT_E21TEC_XX_Q;crtuser;wdkcrttmp01;wdkcrttmp01;407je
CRT-CRT;CRTCRT_E21TEC_XX_Q;CRTCRT_E21TEC_XX_PUR01_Q;"September 12, 2026";;;;Wait for Event;Purge des logs;PURGE_FICHIER.exe;Job;No;0;No;CTMSRV;CRTCRT_E21TEC_XX_Q;crtuser;wdkcrttmp02;wdkcrttmp02;407jf
CRT-CRT;CRTCRT_E21TEC_XX_Q;CRTCRT_E21TEC_XX_PUR01_Q;"September 12, 2026";;;;Wait for Event;Purge des logs;PURGE_FICHIER.exe;Job;No;0;No;CTMSRV;CRTCRT_E21TEC_XX_Q;crtuser;wdkcrttmp03;wdkcrttmp03;407jg
CRT-CRT;CRTCRT_E21TEC_XX_Q;CRTCRT_E21TEC_XX_PUR01_Q;"September 12, 2026";;;;Wait for Event;Purge des logs;PURGE_FICHIER.exe;Job;No;0;No;CTMSRV;CRTCRT_E21TEC_XX_Q;crtuser;wdkcrttmp04;wdkcrttmp04;407jh
CRT-CRT;CRTCRT_E21TEC_XX_Q;CRTCRT_E21TEC_XX_PUR01_Q;"September 12, 2026";;;;Wait for Event;Purge des logs;PURGE_FICHIER.exe;Job;No;0;No;CTMSRV;CRTCRT_E21TEC_XX_Q;crtuser;wdkcrttmp05;wdkcrttmp05;407ji
CRT-CRT;CRTCRT_E21TEC_XX_Q;CRTCRT_E21TEC_XX_PUR01_Q;"September 12, 2026";;;;Wait for Event;Purge des logs;PURGE_FICHIER.exe;Job;No;0;No;CTMSRV;CRTCRT_E21TEC_XX_Q;crtuser;wdkcrttsp01;wdkcrttsp01;407jj
CRT-CRT;CRTCRT_E21TEC_XX_Q;CRTCRT_E21TEC_XX_PUR01_Q;"September 12, 2026";;;;Wait for Event;Purge des logs;PURGE_FICHIER.exe;Job;No;0;No;CTMSRV;CRTCRT_E21TEC_XX_Q;crtuser;wdkcrttwp01;wdkcrttwp01;407jk
CRT-CRT;CRTCRT_E21TEC_XX_Q;CRTCRT_E21TEC_XX_PUR01_Q;"September 12, 2026";;;;Wait for Event;Purge des logs;PURGE_FICHIER.exe;Job;No;0;No;CTMSRV;CRTCRT_E21TEC_XX_Q;crtuser;wdkcrtwbp01;wdkcrtwbp01;407jl
CRT-CRT;CRTCRT_E21TEC_XX_Q;CRTCRT_E21TEC_XX_PUR01_Q;"September 12, 2026";;;;Wait for Event;Purge des logs;PURGE_FICHIER.exe;Job;No;0;No;CTMSRV;CRTCRT_E21TEC_XX_Q;crtuser;wdkcrtwbp02;wdkcrtwbp02;407jm
CRT-CRT;CRTCRT_E21TEC_XX_Q;CRTCRT_E21TEC_XX_PUR01_Q;"September 12, 2026";;;;Wait for Event;Purge des logs;PURGE_FICHIER.exe;Job;No;0;No;CTMSRV;CRTCRT_E21TEC_XX_Q;crtuser;wdkcrtwbp03;wdkcrtwbp03;407jn
CRT-CRT;CRTCRT_E21TEC_XX_Q;CRTCRT_E21TEC_XX_Q;"September 12, 2026";"September 12, 2026 1:30:10 PM";;;Executing;Chaine de purge et archivage  des logs sur les serveurs CRT;;SMART Table;No;1;No;CTMSRV;CRTCRT_E21TEC_XX_Q;;;;407iq
CRT-CRT;CRTCRT_E21TRT_TW_Q;CRTCRT_E21TRT_TW_Q;"September 12, 2026";"September 12, 2026 3:00:00 PM";;;Executing;Lancement du module de détection de trous d'historique CRT - 15h et 21h;;SMART Table;No;1;No;CTMSRV;CRTCRT_E21TRT_TW_Q;;ldkctmp50;;40824
CRT-CRT;CRTCRT_E21TRT_TW_Q;CRTCRT_E21TRT_TW_WRK01_Q;"September 12, 2026";"September 12, 2026 3:00:00 PM";"September 12, 2026 3:00:43 PM";;Wait for Event;Lancement du module de détection de trous d'historique CRT - 15h et 21h;historique_recherche_trou.bat;Job;No;1;Yes;CTMSRV;CRTCRT_E21TRT_TW_Q;crtuser;wdkcrttwp01;wdkcrttwp01;40825
CRT-CRT;CRTCRT_EXPLOI_XX_Q;CRTCRT_E22TEC_BC_CTL01_Q;"September 12, 2026";;;;Wait for Event;WDKCRTBCxxx : Check Service PanoAdmin;CRT_CHECK_BRIDGECTRL;Command;No;0;No;CTMSRV;CRTCRT_EXPLOI_XX_Q/CRTCRT_E22TEC_BC_Q;crtuser;wdkcrtbcp01;wdkcrtbcp01;407xm
CRT-CRT;CRTCRT_EXPLOI_XX_Q;CRTCRT_E22TEC_BC_CTL01_Q;"September 12, 2026";;;;Wait for Event;WDKCRTBCxxx : Check Service PanoAdmin;CRT_CHECK_BRIDGECTRL;Command;No;0;No;CTMSRV;CRTCRT_EXPLOI_XX_Q/CRTCRT_E22TEC_BC_Q;crtuser;wdkcrtbcp02;wdkcrtbcp02;407xn
CRT-CRT;CRTCRT_EXPLOI_XX_Q;CRTCRT_E22TEC_BC_CTL01_Q;"September 12, 2026";;;;Wait for Event;WDKCRTBCxxx : Check Service PanoAdmin;CRT_CHECK_BRIDGECTRL;Command;No;0;No;CTMSRV;CRTCRT_EXPLOI_XX_Q/CRTCRT_E22TEC_BC_Q;crtuser;wdkcrtbcp03;wdkcrtbcp03;407xo
CRT-CRT;CRTCRT_EXPLOI_XX_Q;CRTCRT_E22TEC_BC_CTL01_Q;"September 12, 2026";;;;Wait for Event;WDKCRTBCxxx : Check Service PanoAdmin;CRT_CHECK_BRIDGECTRL;Command;No;0;No;CTMSRV;CRTCRT_EXPLOI_XX_Q/CRTCRT_E22TEC_BC_Q;crtuser;wdkcrtbcp04;wdkcrtbcp04;407xp
CRT-CRT;CRTCRT_EXPLOI_XX_Q;CRTCRT_E22TEC_BC_CTL01_Q;"September 12, 2026";;;;Wait for Event;WDKCRTBCxxx : Check Service PanoAdmin;CRT_CHECK_BRIDGECTRL;Command;No;0;No;CTMSRV;CRTCRT_EXPLOI_XX_Q/CRTCRT_E22TEC_BC_Q;crtuser;wdkcrtbcp05;wdkcrtbcp05;407xq
CRT-CRT;CRTCRT_EXPLOI_XX_Q;CRTCRT_E22TEC_BC_CTL02_Q;"September 12, 2026";;;;Wait for Event;WDKCRTBCxxx : Check Service Composer;CRT_CHECK_BRIDGECTRL;Command;No;0;No;CTMSRV;CRTCRT_EXPLOI_XX_Q/CRTCRT_E22TEC_BC_Q;crtuser;wdkcrtbcp01;wdkcrtbcp01;407xr
CRT-CRT;CRTCRT_EXPLOI_XX_Q;CRTCRT_E22TEC_BC_CTL02_Q;"September 12, 2026";;;;Wait for Event;WDKCRTBCxxx : Check Service Composer;CRT_CHECK_BRIDGECTRL;Command;No;0;No;CTMSRV;CRTCRT_EXPLOI_XX_Q/CRTCRT_E22TEC_BC_Q;crtuser;wdkcrtbcp02;wdkcrtbcp02;407xs
CRT-CRT;CRTCRT_EXPLOI_XX_Q;CRTCRT_E22TEC_BC_CTL02_Q;"September 12, 2026";;;;Wait for Event;WDKCRTBCxxx : Check Service Composer;CRT_CHECK_BRIDGECTRL;Command;No;0;No;CTMSRV;CRTCRT_EXPLOI_XX_Q/CRTCRT_E22TEC_BC_Q;crtuser;wdkcrtbcp03;wdkcrtbcp03;407xt
CRT-CRT;CRTCRT_EXPLOI_XX_Q;CRTCRT_E22TEC_BC_CTL02_Q;"September 12, 2026";;;;Wait for Event;WDKCRTBCxxx : Check Service Composer;CRT_CHECK_BRIDGECTRL;Command;No;0;No;CTMSRV;CRTCRT_EXPLOI_XX_Q/CRTCRT_E22TEC_BC_Q;crtuser;wdkcrtbcp04;wdkcrtbcp04;407xu
CRT-CRT;CRTCRT_EXPLOI_XX_Q;CRTCRT_E22TEC_BC_CTL02_Q;"September 12, 2026";;;;Wait for Event;WDKCRTBCxxx : Check Service Composer;CRT_CHECK_BRIDGECTRL;Command;No;0;No;CTMSRV;CRTCRT_EXPLOI_XX_Q/CRTCRT_E22TEC_BC_Q;crtuser;wdkcrtbcp05;wdkcrtbcp05;407xv
CRT-CRT;CRTCRT_EXPLOI_XX_Q;CRTCRT_E22TEC_BC_Q;"September 12, 2026";;;;Wait for Event;Controle Service BACNET;;Sub-Table;No;0;No;CTMSRV;CRTCRT_EXPLOI_XX_Q;crtuser;;;407xl
CRT-CRT;CRTCRT_EXPLOI_XX_Q;CRTCRT_E22TEC_BG_CTL01_Q;"September 12, 2026";;;;Wait for Event;WDKCRTBGx01 : Check BridgeCtrl.exe STATUS;CRT_CHECK_BRIDGECTRL;Command;No;0;No;CTMSRV;CRTCRT_EXPLOI_XX_Q/CRTCRT_E22TEC_BG_Q;crtuser;A_W_CRTTW01;A_W_CRTTW01;407xx
CRT-CRT;CRTCRT_EXPLOI_XX_Q;CRTCRT_E22TEC_BG_Q;"September 12, 2026";;;;Wait for Event;Controle Bridge Clients  et les CRTs;;Sub-Table;No;0;No;CTMSRV;CRTCRT_EXPLOI_XX_Q;crtuser;;;407xw
CRT-CRT;CRTCRT_EXPLOI_XX_Q;CRTCRT_E22TEC_BS_CTL01_Q;"September 12, 2026";;;;Wait for Event;LDKCRTBSx01 : Check KafkaZookeeper;AllKafkaZookeeper.sh;Command;No;0;No;CTMSRV;CRTCRT_EXPLOI_XX_Q/CRTCRT_E22TEC_BS_Q;crt-admin;A_L_CRTBA01;A_L_CRTBA01;407xz
CRT-CRT;CRTCRT_EXPLOI_XX_Q;CRTCRT_E22TEC_BS_CTL02_Q;"September 12, 2026";;;;Wait for Event;LDKCRTBSx01 : Check Worker et Master;spark-cluster-status;Command;No;0;No;CTMSRV;CRTCRT_EXPLOI_XX_Q/CRTCRT_E22TEC_BS_Q;busadm;A_L_CRTBS01;A_L_CRTBS01;407y0
CRT-CRT;CRTCRT_EXPLOI_XX_Q;CRTCRT_E22TEC_BS_CTL03_Q;"September 12, 2026";;;;Wait for Event;LDKCRTBSx01 : Check Applications;spark-apps-status;Command;No;0;No;CTMSRV;CRTCRT_EXPLOI_XX_Q/CRTCRT_E22TEC_BS_Q;busadm;A_L_CRTBS01;A_L_CRTBS01;407y1
CRT-CRT;CRTCRT_EXPLOI_XX_Q;CRTCRT_E22TEC_BS_Q;"September 12, 2026";;;;Wait for Event;Controle du Bus Streaming;;Sub-Table;No;0;No;CTMSRV;CRTCRT_EXPLOI_XX_Q;busadm;;;407xy
CRT-CRT;CRTCRT_EXPLOI_XX_Q;CRTCRT_E22TEC_EC_CTL01_Q;"September 12, 2026";;;;Wait for Event;WDKCRTECxxx : Check Service CRT TransFTP;CRT_CHECK_BRIDGECTRL;Command;No;0;No;CTMSRV;CRTCRT_EXPLOI_XX_Q/CRTCRT_E22TEC_EC_Q;crtuser;wdkcrtecp01;wdkcrtecp01;407y3
CRT-CRT;CRTCRT_EXPLOI_XX_Q;CRTCRT_E22TEC_EC_CTL01_Q;"September 12, 2026";;;;Wait for Event;WDKCRTECxxx : Check Service CRT TransFTP;CRT_CHECK_BRIDGECTRL;Command;No;0;No;CTMSRV;CRTCRT_EXPLOI_XX_Q/CRTCRT_E22TEC_EC_Q;crtuser;wdkcrtecp02;wdkcrtecp02;407y4
CRT-CRT;CRTCRT_EXPLOI_XX_Q;CRTCRT_E22TEC_EC_Q;"September 12, 2026";;;;Wait for Event;Controle Service CRT TransFTP;;Sub-Table;No;0;No;CTMSRV;CRTCRT_EXPLOI_XX_Q;crtuser;;;407y2
CRT-CRT;CRTCRT_EXPLOI_XX_Q;CRTCRT_E22TEC_MS_CTL01_Q;"September 12, 2026";;;;Wait for Event;LDKCRTMSxxx : Check des commandes curl MicroServices;check_microservices.ksh;Job;No;0;No;CTMSRV;CRTCRT_EXPLOI_XX_Q/CRTCRT_E22TEC_MS_Q;root;ldkcrtmsp01;ldkcrtmsp01;407y6
CRT-CRT;CRTCRT_EXPLOI_XX_Q;CRTCRT_E22TEC_MS_CTL01_Q;"September 12, 2026";;;;Wait for Event;LDKCRTMSxxx : Check des commandes curl MicroServices;check_microservices.ksh;Job;No;0;No;CTMSRV;CRTCRT_EXPLOI_XX_Q/CRTCRT_E22TEC_MS_Q;root;ldkcrtmsp02;ldkcrtmsp02;407y7
CRT-CRT;CRTCRT_EXPLOI_XX_Q;CRTCRT_E22TEC_MS_Q;"September 12, 2026";;;;Wait for Event;Controle des MicroServices;;Sub-Table;No;0;No;CTMSRV;CRTCRT_EXPLOI_XX_Q;root;;;407y5
CRT-CRT;CRTCRT_EXPLOI_XX_Q;CRTCRT_E22TEC_TD_CTL01_Q;"September 12, 2026";;;;Wait for Event;WDKCRTTDxxx : Check Service datarelay;CRT_CHECK_BRIDGECTRL;Command;No;0;No;CTMSRV;CRTCRT_EXPLOI_XX_Q/CRTCRT_E22TEC_TD_Q;crtuser;wdkcrttdp01;wdkcrttdp01;407y9
CRT-CRT;CRTCRT_EXPLOI_XX_Q;CRTCRT_E22TEC_TD_CTL01_Q;"September 12, 2026";;;;Wait for Event;WDKCRTTDxxx : Check Service datarelay;CRT_CHECK_BRIDGECTRL;Command;No;0;No;CTMSRV;CRTCRT_EXPLOI_XX_Q/CRTCRT_E22TEC_TD_Q;crtuser;wdkcrttdp02;wdkcrttdp02;407ya
CRT-CRT;CRTCRT_EXPLOI_XX_Q;CRTCRT_E22TEC_TD_CTL01_Q;"September 12, 2026";;;;Wait for Event;WDKCRTTDxxx : Check Service datarelay;CRT_CHECK_BRIDGECTRL;Command;No;0;No;CTMSRV;CRTCRT_EXPLOI_XX_Q/CRTCRT_E22TEC_TD_Q;crtuser;wdkcrttdp03;wdkcrttdp03;407yb
CRT-CRT;CRTCRT_EXPLOI_XX_Q;CRTCRT_E22TEC_TD_CTL01_Q;"September 12, 2026";;;;Wait for Event;WDKCRTTDxxx : Check Service datarelay;CRT_CHECK_BRIDGECTRL;Command;No;0;No;CTMSRV;CRTCRT_EXPLOI_XX_Q/CRTCRT_E22TEC_TD_Q;crtuser;wdkcrttdp04;wdkcrttdp04;407yc
CRT-CRT;CRTCRT_EXPLOI_XX_Q;CRTCRT_E22TEC_TD_CTL01_Q;"September 12, 2026";;;;Wait for Event;WDKCRTTDxxx : Check Service datarelay;CRT_CHECK_BRIDGECTRL;Command;No;0;No;CTMSRV;CRTCRT_EXPLOI_XX_Q/CRTCRT_E22TEC_TD_Q;crtuser;wdkcrttdp05;wdkcrttdp05;407yd
CRT-CRT;CRTCRT_EXPLOI_XX_Q;CRTCRT_E22TEC_TD_CTL01_Q;"September 12, 2026";;;;Wait for Event;WDKCRTTDxxx : Check Service datarelay;CRT_CHECK_BRIDGECTRL;Command;No;0;No;CTMSRV;CRTCRT_EXPLOI_XX_Q/CRTCRT_E22TEC_TD_Q;crtuser;wdkcrttdp06;wdkcrttdp06;407ye
CRT-CRT;CRTCRT_EXPLOI_XX_Q;CRTCRT_E22TEC_TD_Q;"September 12, 2026";;;;Wait for Event;Controle Service Trend;;Sub-Table;No;0;No;CTMSRV;CRTCRT_EXPLOI_XX_Q;crtuser;;;407y8
CRT-CRT;CRTCRT_EXPLOI_XX_Q;CRTCRT_E22TEC_TW_CTL01_Q;"September 12, 2026";;;;Wait for Event;WDKCRTTWx01 : Check Service CRT SpvApp;CRT_CHECK_BRIDGECTRL;Command;No;0;No;CTMSRV;CRTCRT_EXPLOI_XX_Q/CRTCRT_E22TEC_TW_Q;crtuser;wdkcrttwp01;wdkcrttwp01;407yg
CRT-CRT;CRTCRT_EXPLOI_XX_Q;CRTCRT_E22TEC_TW_Q;"September 12, 2026";;;;Wait for Event;Controle Service CRT SpvApp;;Sub-Table;No;0;No;CTMSRV;CRTCRT_EXPLOI_XX_Q;crtuser;;;407yf
CRT-CRT;CRTCRT_EXPLOI_XX_Q;CRTCRT_E23TEC_BG_CTL01_Q;"September 12, 2026";;;;Wait for Event;WDKCRTBGxxx : Check Service Tomcat7  Bridge générique;CRT_CHECK_BRIDGECTRL;Dummy;No;0;No;CTMSRV;CRTCRT_EXPLOI_XX_Q/CRTCRT_E23TEC_BG_Q;crtuser;A_W_CRTBG01;A_W_CRTBG01;407yi
CRT-CRT;CRTCRT_EXPLOI_XX_Q;CRTCRT_E23TEC_BG_CTL02_Q;"September 12, 2026";;;;Wait for Event;WDKCRTBGxxx : Check Service CRTService Bridge générique;CRT_CHECK_BRIDGECTRL;Dummy;No;0;No;CTMSRV;CRTCRT_EXPLOI_XX_Q/CRTCRT_E23TEC_BG_Q;crtuser;A_W_CRTBG01;A_W_CRTBG01;407yj
CRT-CRT;CRTCRT_EXPLOI_XX_Q;CRTCRT_E23TEC_BG_Q;"September 12, 2026";;;;Wait for Event;Controle Services Bridge Générique;;Sub-Table;No;0;No;CTMSRV;CRTCRT_EXPLOI_XX_Q;crtuser;;;407yh
CRT-CRT;CRTCRT_EXPLOI_XX_Q;CRTCRT_E23TEC_TS_CTL01_Q;"September 12, 2026";;;;Wait for Event;WDKCRTTSx01 : Check Service Tomcat7;CRT_CHECK_BRIDGECTRL;Command;No;0;No;CTMSRV;CRTCRT_EXPLOI_XX_Q/CRTCRT_E23TEC_TS_Q;crtuser;A_W_CRTTS01;A_W_CRTTS01;407yl
CRT-CRT;CRTCRT_EXPLOI_XX_Q;CRTCRT_E23TEC_TS_CTL02_Q;"September 12, 2026";;;;Wait for Event;WDKCRTTSx01 : Check Service CRT CipRip;CRT_CHECK_BRIDGECTRL;Command;No;0;No;CTMSRV;CRTCRT_EXPLOI_XX_Q/CRTCRT_E23TEC_TS_Q;crtuser;A_W_CRTTS01;A_W_CRTTS01;407ym
CRT-CRT;CRTCRT_EXPLOI_XX_Q;CRTCRT_E23TEC_TS_Q;"September 12, 2026";;;;Wait for Event;Controle Services Bridge Générique;;Sub-Table;No;0;No;CTMSRV;CRTCRT_EXPLOI_XX_Q;crtuser;;;407yk
CRT-CRT;CRTCRT_EXPLOI_XX_Q;CRTCRT_EXPLOI_XX_Q;"September 12, 2026";;;;Wait for Event;CRT : Controle de la plateforme CRT;;SMART Table;No;0;No;CTMSRV;CRTCRT_EXPLOI_XX_Q;crtuser;;;407xk
CRT-CRT;CRTCRT_J11TRT_04_Q;CRTCRT_J11TRT_04_CAL01_Q;"September 12, 2026";;;;Wait for Event;CRT : Module Calcul;;Command;No;0;No;CTMSRV;CRTCRT_J11TRT_04_Q;crtuser;A_W_CRTTS01;A_W_CRTTS01;409b1
CRT-CRT;CRTCRT_J11TRT_04_Q;CRTCRT_J11TRT_04_CAL02_Q;"September 12, 2026";"September 12, 2026 3:00:00 PM";"September 12, 2026 3:00:53 PM";;Ended OK;CRT : ModuleCalculSansEchec;;Command;No;1;No;CTMSRV;CRTCRT_J11TRT_04_Q;crtuser;wdkcrttsp01;A_W_CRTTS01;409b2
CRT-CRT;CRTCRT_J11TRT_04_Q;CRTCRT_J11TRT_04_CAL03_Q;"September 12, 2026";"September 12, 2026 1:30:10 PM";"September 12, 2026 1:31:33 PM";;Ended OK;CRT : ModuleCalculTMA;;Command;No;1;No;CTMSRV;CRTCRT_J11TRT_04_Q;crtuser;wdkcrttsp01;A_W_CRTTS01;409b3
CRT-CRT;CRTCRT_J11TRT_04_Q;CRTCRT_J11TRT_04_Q;"September 12, 2026";"September 12, 2026 1:30:09 PM";;;Executing;CRT : Batchs APP CRT;;SMART Table;No;1;No;CTMSRV;CRTCRT_J11TRT_04_Q;crtuser;;;409ay
CRT-CRT;CRTCRT_J11TRT_04_Q;CRTCRT_J11TRT_04_WRK01_Q;"September 12, 2026";"September 12, 2026 4:45:00 PM";"September 12, 2026 4:45:01 PM";;Wait for Event;CRT : Memory_Check;;Command;No;176;Yes;CTMSRV;CRTCRT_J11TRT_04_Q;crtuser;wdkcrtg2p01;A_W_CRTG201;409az
CRT-CRT;CRTCRT_J11TRT_04_Q;CRTCRT_J11TRT_04_WRK02_Q;"September 12, 2026";"September 12, 2026 4:45:00 PM";"September 12, 2026 4:45:01 PM";;Wait for Event;CRT : Memory_Check;;Command;No;176;Yes;CTMSRV;CRTCRT_J11TRT_04_Q;crtuser;wdkcrtg2p02;A_W_CRTG202;409b0
CRT-CRT;CRTCRT_J12TRT_04_Q;CRTCRT_J12TRT_04_EXP27_Q;"September 12, 2026";;;;Wait for Event;CRT : Lancement de l'export hierarchie CRT;ExportHisto.bat;Job;No;0;No;CTMSRV;CRTCRT_J12TRT_04_Q;crtuser;A_W_CRTEX01;A_W_CRTEX01;407nt
CRT-CRT;CRTCRT_J12TRT_04_Q;CRTCRT_J12TRT_04_Q;"September 12, 2026";"September 12, 2026 1:30:09 PM";;;Executing;CRT : Batchs Echanges CRT;;SMART Table;No;1;No;CTMSRV;CRTCRT_J12TRT_04_Q;crtuser;;;407nq
CRT-CRT;CRTCRT_J12TRT_04_Q;CRTCRT_J12TRT_04_WRK06_Q;"September 12, 2026";;;;Wait for Event;Déplacement des fichiers courbes de charges de valeurs corrigée mensuel pour prodelec;;Command;No;0;No;CTMSRV;CRTCRT_J12TRT_04_Q;crtuser;A_W_CRTIN01;A_W_CRTIN01;407nr
CRT-CRT;CRTCRT_J12TRT_04_Q;CRTCRT_J12TRT_04_WRK07_Q;"September 12, 2026";"September 12, 2026 4:15:00 PM";"September 12, 2026 4:15:10 PM";;Wait for Event;Traitement des fichiers d'Energie de Strasbourg;;Command;No;3;Yes;CTMSRV;CRTCRT_J12TRT_04_Q;crtuser;wdkcrtinp01;A_W_CRTIN01;407ns
CRT-CRT;CRTCRT_J13TRT_04_Q;CRTCRT_J13TRT_04_EXP01_Q;"September 12, 2026";;;;Wait for Event;CRT : Export_TLC;;Command;No;0;No;CTMSRV;CRTCRT_J13TRT_04_Q;crtuser;wdkcrttcp01;wdkcrttcp01;40984
CRT-CRT;CRTCRT_J13TRT_04_Q;CRTCRT_J13TRT_04_EXP01_Q;"September 12, 2026";;;;Wait for Event;CRT : Export_TLC;;Command;No;0;No;CTMSRV;CRTCRT_J13TRT_04_Q;crtuser;wdkcrttcp02;wdkcrttcp02;40985
CRT-CRT;CRTCRT_J13TRT_04_Q;CRTCRT_J13TRT_04_EXP01_Q;"September 12, 2026";;;;Wait for Event;CRT : Export_TLC;;Command;No;0;No;CTMSRV;CRTCRT_J13TRT_04_Q;crtuser;wdkcrttcp03;wdkcrttcp03;40986
CRT-CRT;CRTCRT_J13TRT_04_Q;CRTCRT_J13TRT_04_Q;"September 12, 2026";"September 12, 2026 1:30:10 PM";;;Executing;CRT : Batchs Frontaux CRT;;SMART Table;No;1;No;CTMSRV;CRTCRT_J13TRT_04_Q;crtuser;;;4097x
CRT-CRT;CRTCRT_J13TRT_04_Q;CRTCRT_J13TRT_04_WRK01_Q;"September 12, 2026";"September 12, 2026 4:45:00 PM";"September 12, 2026 4:45:03 PM";;Wait for Event;CRT : Suivi_Mémoire_Frontal_BACnet;;Command;No;196;Yes;CTMSRV;CRTCRT_J13TRT_04_Q;crtuser;wdkcrtbcp04;wdkcrtbcp04;40981
CRT-CRT;CRTCRT_J13TRT_04_Q;CRTCRT_J13TRT_04_WRK01_Q;"September 12, 2026";"September 12, 2026 4:45:00 PM";"September 12, 2026 4:45:04 PM";;Wait for Event;CRT : Suivi_Mémoire_Frontal_BACnet;;Command;No;196;Yes;CTMSRV;CRTCRT_J13TRT_04_Q;crtuser;wdkcrtbcp05;wdkcrtbcp05;40982
CRT-CRT;CRTCRT_J13TRT_04_Q;CRTCRT_J13TRT_04_WRK01_Q;"September 12, 2026";"September 12, 2026 4:45:00 PM";"September 12, 2026 4:45:05 PM";;Executing;CRT : Suivi_Mémoire_Frontal_BACnet;;Command;No;196;Yes;CTMSRV;CRTCRT_J13TRT_04_Q;crtuser;wdkcrtbcp01;wdkcrtbcp01;4097y
CRT-CRT;CRTCRT_J13TRT_04_Q;CRTCRT_J13TRT_04_WRK01_Q;"September 12, 2026";"September 12, 2026 4:45:00 PM";"September 12, 2026 4:45:05 PM";;Executing;CRT : Suivi_Mémoire_Frontal_BACnet;;Command;No;196;Yes;CTMSRV;CRTCRT_J13TRT_04_Q;crtuser;wdkcrtbcp02;wdkcrtbcp02;4097z
CRT-CRT;CRTCRT_J13TRT_04_Q;CRTCRT_J13TRT_04_WRK01_Q;"September 12, 2026";"September 12, 2026 4:45:00 PM";;;Executing;CRT : Suivi_Mémoire_Frontal_BACnet;;Command;No;196;Yes;CTMSRV;CRTCRT_J13TRT_04_Q;crtuser;wdkcrtbcp03;wdkcrtbcp03;40980
CRT-CRT;CRTCRT_J13TRT_04_Q;CRTCRT_J13TRT_04_WRK02_Q;"September 12, 2026";"September 12, 2026 4:45:00 PM";"September 12, 2026 4:45:00 PM";;Wait for Event;CRT : Suivi_Mémoire_Frontal_TeleMetry;;Dummy;No;196;Yes;CTMSRV;CRTCRT_J13TRT_04_Q;crtuser;;wdkcrtcwp01;40983
CRT-CRT;CRTCRT_J13TRT_04_Q;CRTCRT_J13TRT_04_WRK03_Q;"September 12, 2026";"September 12, 2026 4:45:00 PM";"September 12, 2026 4:45:02 PM";;Wait for Event;CRT : Suivi_Mémoire_Frontal_Trend;;Command;No;196;Yes;CTMSRV;CRTCRT_J13TRT_04_Q;crtuser;wdkcrttdp01;wdkcrttdp01;40987
CRT-CRT;CRTCRT_J13TRT_04_Q;CRTCRT_J13TRT_04_WRK03_Q;"September 12, 2026";"September 12, 2026 4:45:00 PM";"September 12, 2026 4:45:02 PM";;Wait for Event;CRT : Suivi_Mémoire_Frontal_Trend;;Command;No;196;Yes;CTMSRV;CRTCRT_J13TRT_04_Q;crtuser;wdkcrttdp02;wdkcrttdp02;40988
CRT-CRT;CRTCRT_J13TRT_04_Q;CRTCRT_J13TRT_04_WRK03_Q;"September 12, 2026";"September 12, 2026 4:45:00 PM";"September 12, 2026 4:45:02 PM";;Wait for Event;CRT : Suivi_Mémoire_Frontal_Trend;;Command;No;196;Yes;CTMSRV;CRTCRT_J13TRT_04_Q;crtuser;wdkcrttdp03;wdkcrttdp03;40989
CRT-CRT;CRTCRT_J13TRT_04_Q;CRTCRT_J13TRT_04_WRK03_Q;"September 12, 2026";"September 12, 2026 4:45:00 PM";"September 12, 2026 4:45:02 PM";;Wait for Event;CRT : Suivi_Mémoire_Frontal_Trend;;Command;No;196;Yes;CTMSRV;CRTCRT_J13TRT_04_Q;crtuser;wdkcrttdp04;wdkcrttdp04;4098a
CRT-CRT;CRTCRT_J13TRT_04_Q;CRTCRT_J13TRT_04_WRK03_Q;"September 12, 2026";"September 12, 2026 4:45:00 PM";"September 12, 2026 4:45:02 PM";;Wait for Event;CRT : Suivi_Mémoire_Frontal_Trend;;Command;No;196;Yes;CTMSRV;CRTCRT_J13TRT_04_Q;crtuser;wdkcrttdp05;wdkcrttdp05;4098b
CRT-CRT;CRTCRT_J13TRT_04_Q;CRTCRT_J13TRT_04_WRK03_Q;"September 12, 2026";"September 12, 2026 4:45:00 PM";"September 12, 2026 4:45:02 PM";;Wait for Event;CRT : Suivi_Mémoire_Frontal_Trend;;Command;No;196;Yes;CTMSRV;CRTCRT_J13TRT_04_Q;crtuser;wdkcrttdp06;wdkcrttdp06;4098c
CRT-CRT;CRTCRT_J13TRT_04_Q;CRTCRT_J13TRT_04_WRK04_Q;"September 12, 2026";"September 12, 2026 4:45:00 PM";"September 12, 2026 4:45:03 PM";;Wait for Event;CRT : Suivi_Mémoire_Frontal_Telemetry;;Command;No;196;Yes;CTMSRV;CRTCRT_J13TRT_04_Q;crtuser;wdkcrttmp01;wdkcrttmp01;4098d
CRT-CRT;CRTCRT_J13TRT_04_Q;CRTCRT_J13TRT_04_WRK04_Q;"September 12, 2026";"September 12, 2026 4:45:00 PM";"September 12, 2026 4:45:03 PM";;Wait for Event;CRT : Suivi_Mémoire_Frontal_Telemetry;;Command;No;196;Yes;CTMSRV;CRTCRT_J13TRT_04_Q;crtuser;wdkcrttmp03;wdkcrttmp03;4098f
CRT-CRT;CRTCRT_J13TRT_04_Q;CRTCRT_J13TRT_04_WRK04_Q;"September 12, 2026";"September 12, 2026 4:45:00 PM";"September 12, 2026 4:45:03 PM";;Wait for Event;CRT : Suivi_Mémoire_Frontal_Telemetry;;Command;No;196;Yes;CTMSRV;CRTCRT_J13TRT_04_Q;crtuser;wdkcrttmp04;wdkcrttmp04;4098g
CRT-CRT;CRTCRT_J13TRT_04_Q;CRTCRT_J13TRT_04_WRK04_Q;"September 12, 2026";"September 12, 2026 4:45:00 PM";"September 12, 2026 4:45:03 PM";;Wait for Event;CRT : Suivi_Mémoire_Frontal_Telemetry;;Command;No;196;Yes;CTMSRV;CRTCRT_J13TRT_04_Q;crtuser;wdkcrttmp05;wdkcrttmp05;4098h
CRT-CRT;CRTCRT_J13TRT_04_Q;CRTCRT_J13TRT_04_WRK04_Q;"September 12, 2026";"September 12, 2026 4:45:00 PM";"September 12, 2026 4:45:04 PM";;Wait for Event;CRT : Suivi_Mémoire_Frontal_Telemetry;;Command;No;196;Yes;CTMSRV;CRTCRT_J13TRT_04_Q;crtuser;wdkcrttmp02;wdkcrttmp02;4098e
CTM-CONTROL-M;CTMCTM_E11AJF_08_A;CTMCTM_E11AJF_08_AJF01_A;"September 12, 2026";"September 12, 2026 1:30:11 PM";"September 12, 2026 1:30:11 PM";;Ended OK;AJF tables Annuelles (CTMPA);U512AJF010;Dummy;No;1;No;CTMSRV;CTMCTM_E11AJF_08_A;controlm;;SRV_PRIMAIRE;408ey
CTM-CONTROL-M;CTMCTM_E11AJF_08_H;CTMCTM_E11AJF_08_AJF01_H;"September 12, 2026";"September 12, 2026 1:30:09 PM";"September 12, 2026 1:30:09 PM";;Ended OK;AJF tables Hebdomadaires (CTMPH);U512AJF010;Dummy;No;1;No;CTMSRV;CTMCTM_E11AJF_08_H;controlm;;SRV_PRIMAIRE;408ra
CTM-CONTROL-M;CTMCTM_E11AJF_08_H;CTMCTM_E11AJF_08_AJF03_H;"September 12, 2026";"September 12, 2026 1:30:12 PM";"September 12, 2026 1:30:12 PM";;Ended OK;AJF tables Hebdomadaires CSCPH (CSC);U512AJF556;Dummy;No;1;No;CTMSRV;CTMCTM_E11AJF_08_H;controlm;;SRV_PRIMAIRE;408rb
CTM-CONTROL-M;CTMCTM_E11AJF_08_H;CTMCTM_E11AJF_08_AJF04_H;"September 12, 2026";"September 12, 2026 1:30:13 PM";"September 12, 2026 1:30:13 PM";;Ended OK;AJF tables Hebdomadaires DIS (Dispatch);U512AJF556;Dummy;No;1;No;CTMSRV;CTMCTM_E11AJF_08_H;controlm;;SRV_PRIMAIRE;408rc
CTM-CONTROL-M;CTMCTM_E11AJF_08_M;CTMCTM_E11AJF_08_AJF01_M;"September 12, 2026";"September 12, 2026 1:30:29 PM";"September 12, 2026 1:30:29 PM";;Ended OK;AJF tables Mensuelles (CTMPM);U512AJF010;Dummy;No;1;No;CTMSRV;CTMCTM_E11AJF_08_M;controlm;;SRV_PRIMAIRE;408ok
CTM-CONTROL-M;CTMCTM_E11AJF_08_Q;CTMCTM_E11AJF_08_AJF01_Q;"September 12, 2026";"September 12, 2026 1:30:21 PM";"September 12, 2026 1:30:21 PM";;Ended OK;AJF tables Quotidiennes (CTMPQ);U512AJF010;Dummy;No;1;No;CTMSRV;CTMCTM_E11AJF_08_Q;controlm;;SRV_PRIMAIRE;408m0
CTM-CONTROL-M;CTMCTM_E11AJF_08_Q;CTMCTM_E11AJF_08_AJF04_Q;"September 12, 2026";"September 12, 2026 1:30:12 PM";"September 12, 2026 1:30:12 PM";;Ended OK;AJF tables Quotidiennes ETRM;U512AJF025;Dummy;No;1;No;CTMSRV;CTMCTM_E11AJF_08_Q;controlm;;SRV_PRIMAIRE;408lr
CTM-CONTROL-M;CTMCTM_E11AJF_08_Q;CTMCTM_E11AJF_08_AJF04_Q;"September 12, 2026";"September 12, 2026 1:30:31 PM";"September 12, 2026 1:30:31 PM";;Ended OK;AJF tables Quotidiennes ETRM;U512AJF025;Dummy;No;1;No;CTMSRV;CTMCTM_E11AJF_08_Q;controlm;;SRV_PRIMAIRE;408ma
CTM-CONTROL-M;CTMCTM_E11AJF_08_Q;CTMCTM_E11AJF_08_AJF15_Q;"September 12, 2026";"September 12, 2026 1:30:13 PM";"September 12, 2026 1:30:13 PM";;Ended OK;AJF tables Journalieres MDM;U512AJF170;Dummy;No;1;No;CTMSRV;CTMCTM_E11AJF_08_Q;controlm;;SRV_PRIMAIRE;408ls
CTM-CONTROL-M;CTMCTM_E11AJF_08_Q;CTMCTM_E11AJF_08_AJF20_Q;"September 12, 2026";"September 12, 2026 1:30:13 PM";"September 12, 2026 1:30:13 PM";;Ended OK;AJF tables Quotidiennes CID;U512AJF550;Dummy;No;1;No;CTMSRV;CTMCTM_E11AJF_08_Q;controlm;;SRV_PRIMAIRE;408lt
CTM-CONTROL-M;CTMCTM_E11AJF_08_Q;CTMCTM_E11AJF_08_AJF21_Q;"September 12, 2026";"September 12, 2026 1:30:22 PM";"September 12, 2026 1:30:22 PM";;Ended OK;AJF tables Quoditiennes CID DEMANDE;U512AJF550;Dummy;No;1;No;CTMSRV;CTMCTM_E11AJF_08_Q;controlm;;SRV_PRIMAIRE;408lu
CTM-CONTROL-M;CTMCTM_E11AJF_08_Q;CTMCTM_E11AJF_08_AJF23_Q;"September 12, 2026";"September 12, 2026 1:30:19 PM";"September 12, 2026 1:30:19 PM";;Ended OK;AJF tables Quotidiennes CSC;U512AJF556;Dummy;No;1;No;CTMSRV;CTMCTM_E11AJF_08_Q;controlm;;SRV_PRIMAIRE;408lv
CTM-CONTROL-M;CTMCTM_E11AJF_08_Q;CTMCTM_E11AJF_08_AJF24_Q;"September 12, 2026";"September 12, 2026 1:31:00 PM";"September 12, 2026 1:31:00 PM";;Ended OK;ADD COND DWH a la montee au plan;U512AJF010;Dummy;No;1;No;CTMSRV;CTMCTM_E11AJF_08_Q;controlm;;SRV_PRIMAIRE;408lw
CTM-CONTROL-M;CTMCTM_E11AJF_08_Q;CTMCTM_E11AJF_08_AJF27_Q;"September 12, 2026";"September 12, 2026 1:30:25 PM";"September 12, 2026 1:30:25 PM";;Ended OK;AJF tables Quotidiennes DISPATCH;U512AJF556;Dummy;No;1;No;CTMSRV;CTMCTM_E11AJF_08_Q;controlm;;SRV_PRIMAIRE;408m1
CTM-CONTROL-M;CTMCTM_E11AJF_08_Q;CTMCTM_E11AJF_08_AJF39_Q;"September 12, 2026";"September 12, 2026 1:30:18 PM";"September 12, 2026 1:30:18 PM";;Ended OK;ADD COND SIGMA a la montee au plan;U512AJF010;Dummy;No;1;No;CTMSRV;CTMCTM_E11AJF_08_Q;controlm;;SRV_PRIMAIRE;408lx
CTM-CONTROL-M;CTMCTM_E11AJF_08_Q;CTMCTM_E11AJF_08_AJF432_Q;"September 12, 2026";"September 12, 2026 1:30:33 PM";"September 12, 2026 1:30:33 PM";;Ended OK;AJF tables Journalieres ENERGY sauf Samedi;U512AJF410;Dummy;No;1;No;CTMSRV;CTMCTM_E11AJF_08_Q;controlm;;SRV_PRIMAIRE;408m2
CTM-CONTROL-M;CTMCTM_E11AJF_08_Q;CTMCTM_E11AJF_08_AJF47_Q;"September 12, 2026";"September 12, 2026 1:30:19 PM";"September 12, 2026 1:30:19 PM";;Ended OK;ADD COND OAP a la montee au plan;U512AJF010;Dummy;No;1;No;CTMSRV;CTMCTM_E11AJF_08_Q;controlm;;SRV_PRIMAIRE;408ly
CTM-CONTROL-M;CTMCTM_E11AJF_08_Q;CTMCTM_E11AJF_08_AJF55_Q;"September 12, 2026";"September 12, 2026 1:30:20 PM";"September 12, 2026 1:30:20 PM";;Ended OK;ADD COND OFA a la montee au plan;U512AJF010;Dummy;No;1;No;CTMSRV;CTMCTM_E11AJF_08_Q;controlm;;SRV_PRIMAIRE;408lz
CTM-CONTROL-M;CTMCTM_E11AJF_08_Q;CTMCTM_E11AJF_08_AJF58_Q;"September 12, 2026";"September 12, 2026 1:30:32 PM";"September 12, 2026 1:30:32 PM";;Ended OK;AJF tables Journalieres KDR;U512AJF170;Dummy;No;1;No;CTMSRV;CTMCTM_E11AJF_08_Q;controlm;;SRV_PRIMAIRE;408m3
CTM-CONTROL-M;CTMCTM_E11AJF_08_Q;CTMCTM_E11AJF_08_AJF59_Q;"September 12, 2026";"September 12, 2026 1:30:30 PM";"September 12, 2026 1:30:30 PM";;Ended OK;AJF tables Journalieres FINANCE;U512AJF170;Dummy;No;1;No;CTMSRV;CTMCTM_E11AJF_08_Q;controlm;;SRV_PRIMAIRE;408m5
CTM-CONTROL-M;CTMCTM_E11AJF_08_Q;CTMCTM_E11AJF_08_AJF60_Q;"September 12, 2026";"September 12, 2026 1:30:23 PM";"September 12, 2026 1:30:23 PM";;Ended OK;AJF tables Journaliere PREDTR;U512AJF170;Dummy;No;1;No;CTMSRV;CTMCTM_E11AJF_08_Q;controlm;;SRV_PRIMAIRE;408m4
CTM-CONTROL-M;CTMCTM_E11AJF_08_Q;CTMCTM_E11AJF_08_AJF61_Q;"September 12, 2026";"September 12, 2026 1:30:24 PM";"September 12, 2026 1:30:24 PM";;Ended OK;AJF tables Journalieres ARS;U512AJF170;Dummy;No;1;No;CTMSRV;CTMCTM_E11AJF_08_Q;controlm;;SRV_PRIMAIRE;408m6
CTM-CONTROL-M;CTMCTM_E11AJF_08_Q;CTMCTM_E11AJF_08_AJF62_Q;"September 12, 2026";"September 12, 2026 1:30:26 PM";"September 12, 2026 1:30:26 PM";;Ended OK;AJF tables Journalieres MBB;U512AJF170;Dummy;No;1;No;CTMSRV;CTMCTM_E11AJF_08_Q;controlm;;SRV_PRIMAIRE;408m7
CTM-CONTROL-M;CTMCTM_E11AJF_08_Q;CTMCTM_E11AJF_08_AJF63_Q;"September 12, 2026";"September 12, 2026 1:30:27 PM";"September 12, 2026 1:30:27 PM";;Ended OK;AJF tables Quotidiennes GDR;U512AJF025;Dummy;No;1;No;CTMSRV;CTMCTM_E11AJF_08_Q;controlm;;SRV_PRIMAIRE;408m8
CTM-CONTROL-M;CTMCTM_E11AJF_08_Q;CTMCTM_E11AJF_08_AJF64_Q;"September 12, 2026";"September 12, 2026 1:30:28 PM";"September 12, 2026 1:30:28 PM";;Ended OK;AJF tables Quotidiennes PKI;U512AJF025;Dummy;No;1;No;CTMSRV;CTMCTM_E11AJF_08_Q;controlm;;SRV_PRIMAIRE;408m9
CTM-CONTROL-M;CTMCTM_E11STP_01_Q;CTMCTM_E11STP_01_SUB02_Q;"September 12, 2026";;;;Wait for Event;Arret du serveur UDKEMB;ARRET_UDKEMB;Dummy;No;0;No;CTMSRV;CTMCTM_E11STP_01_Q;root;;;4081i
CTM-CONTROL-M;CTMCTM_E11TEC_04_Q;CTMCTM_E11TEC_04_SUB01_Q;"September 12, 2026";;;;Wait for Event;Soumission scripts DWH a 00h05;SUBT0005 DWH;Dummy;No;0;No;CTMSRV;CTMCTM_E11TEC_04_Q;svce_cm;;;407t5
CTM-CONTROL-M;CTMCTM_E11TEC_04_Q;CTMCTM_E11TEC_04_SUB02_Q;"September 12, 2026";;;;Wait for Event;Soumission scripts CITY a 01h00;CITY SUBT0200;Dummy;No;0;No;CTMSRV;CTMCTM_E11TEC_04_Q;svce_cm;;;407t6
CTM-CONTROL-M;CTMCTM_E11TEC_04_Q;CTMCTM_E11TEC_04_SUB03_Q;"September 12, 2026";;;;Wait for Event;Soumission deblocage scripts HERCULE a 03h00;HERCULE SUBT0300 start  prod;Dummy;No;0;No;CTMSRV;CTMCTM_E11TEC_04_Q;svce_cm;;;407t7
CTM-CONTROL-M;CTMCTM_E11TEC_04_Q;CTMCTM_E11TEC_04_SUB10_Q;"September 12, 2026";"September 12, 2026 1:30:09 PM";"September 12, 2026 1:30:09 PM";;Ended OK;Soumission scripts a 13H30;SUBT1330;Dummy;No;1;No;CTMSRV;CTMCTM_E11TEC_04_Q;svce_cm;;;407t8
CTM-CONTROL-M;CTMCTM_E11TEC_04_Q;CTMCTM_E11TEC_04_SUB11_Q;"September 12, 2026";"September 12, 2026 2:00:00 PM";"September 12, 2026 2:00:00 PM";;Ended OK;Soumission scripts a 14h00;SUBT1400;Dummy;No;1;No;CTMSRV;CTMCTM_E11TEC_04_Q;svce_cm;;;407t9
CTM-CONTROL-M;CTMCTM_E11TEC_04_Q;CTMCTM_E11TEC_04_SUB12_Q;"September 12, 2026";"September 12, 2026 3:00:00 PM";"September 12, 2026 3:00:00 PM";;Ended OK;Soumission scripts a 15h00;SUBT1500;Dummy;No;1;No;CTMSRV;CTMCTM_E11TEC_04_Q;svce_cm;;;407ta
CTM-CONTROL-M;CTMCTM_E11TEC_04_Q;CTMCTM_E11TEC_04_SUB16_Q;"September 12, 2026";;;;Wait for Event;Soumission start service HERCULE à 07h00;HERCULE SUBT0700 stop prod;Dummy;No;0;No;CTMSRV;CTMCTM_E11TEC_04_Q;root;;;407tb
CTM-CONTROL-M;CTMCTM_E11TEC_04_Q;CTMCTM_E11TEC_04_SUB28_Q;"September 12, 2026";"September 12, 2026 2:00:00 PM";"September 12, 2026 2:00:00 PM";;Ended OK;Soumission scripts à 14h00;SUBT1400;Dummy;No;1;No;CTMSRV;CTMCTM_E11TEC_04_Q;root;;;407tc
CTM-CONTROL-M;CTMCTM_E11TEC_04_Q;CTMCTM_E11TEC_04_SUB29_Q;"September 12, 2026";"September 12, 2026 3:00:00 PM";"September 12, 2026 3:00:00 PM";;Ended OK;Soumission scripts à 15h00;SUBT1500;Dummy;No;1;No;CTMSRV;CTMCTM_E11TEC_04_Q;root;;;407td
CTM-CONTROL-M;CTMCTM_E11TEC_04_Q;CTMCTM_E11TEC_04_SUB34_Q;"September 12, 2026";;;;Wait for Event;Soumission scripts à 21H30;SUBT2130;Dummy;No;0;No;CTMSRV;CTMCTM_E11TEC_04_Q;root;;;407te
CTM-CONTROL-M;CTMCTM_E12AJF_08_Q;CTMCTM_E12AJF_08_ACC01_Q;"September 12, 2026";"September 12, 2026 3:00:00 PM";"September 12, 2026 3:00:19 PM";;Ended OK;Accumulation des statistiques control_m;U512AJF510;Command;No;1;No;CTMSRV;CTMCTM_E12AJF_08_Q;controlm;ldkctmp50;SRV_PRIMAIRE;40863
CTM-CONTROL-M;CTMCTM_E12AJF_08_Q;CTMCTM_E12AJF_08_DEL01_Q;"September 12, 2026";"September 12, 2026 1:30:11 PM";"September 12, 2026 1:30:13 PM";;Ended OK;Delete des conditions anterieures a 7 jours;U512AJF500;Command;No;1;No;CTMSRV;CTMCTM_E12AJF_08_Q;controlm;ldkctmp50;SRV_PRIMAIRE;40862
CTM-CONTROL-M;CTMCTM_E12AJF_08_Q;CTMCTM_E12AJF_08_EXT01_Q;"September 12, 2026";;;;Wait for Event;ctmldnrs: creation fic. conditions AJF absentes nof U514;U512AJF800;Command;No;0;No;CTMSRV;CTMCTM_E12AJF_08_Q;controlm;SRV_PRIMAIRE;SRV_PRIMAIRE;40869
CTM-CONTROL-M;CTMCTM_E12AJF_08_Q;CTMCTM_E12AJF_08_ORP01_Q;"September 12, 2026";;;;Wait for Event;ctmldnrs: load des conditions AJF absentes (VEH*);U512AJF820;Command;No;0;No;CTMSRV;CTMCTM_E12AJF_08_Q;controlm;SRV_PRIMAIRE;SRV_PRIMAIRE;4086a
CTM-CONTROL-M;CTMCTM_E12AJF_08_Q;CTMCTM_E12AJF_08_ORP02_Q;"September 12, 2026";;;;Wait for Event;ctmldnrs: load des conditions AJF absentes (PRE*);U512AJF810;Command;No;0;No;CTMSRV;CTMCTM_E12AJF_08_Q;controlm;SRV_PRIMAIRE;SRV_PRIMAIRE;40864
CTM-CONTROL-M;CTMCTM_E12AJF_08_Q;CTMCTM_E12AJF_08_ORP03_Q;"September 12, 2026";;;;Wait for Event;ctmldnrs: load des conditions AJF absentes (CID*);U512AJF811;Command;No;0;No;CTMSRV;CTMCTM_E12AJF_08_Q;controlm;SRV_PRIMAIRE;SRV_PRIMAIRE;40865
CTM-CONTROL-M;CTMCTM_E12AJF_08_Q;CTMCTM_E12AJF_08_ORP04_Q;"September 12, 2026";;;;Wait for Event;ctmldnrs: load des conditions AJF absentes (EAI*);U512AJF812;Command;No;0;No;CTMSRV;CTMCTM_E12AJF_08_Q;controlm;SRV_PRIMAIRE;SRV_PRIMAIRE;40866
CTM-CONTROL-M;CTMCTM_E12AJF_08_Q;CTMCTM_E12AJF_08_ORP05_Q;"September 12, 2026";;;;Wait for Event;ctmldnrs: load des conditions AJF absentes (ETR*);U512AJF813;Command;No;0;No;CTMSRV;CTMCTM_E12AJF_08_Q;controlm;SRV_PRIMAIRE;SRV_PRIMAIRE;40867
CTM-CONTROL-M;CTMCTM_E12AJF_08_Q;CTMCTM_E12AJF_08_ORP06_Q;"September 12, 2026";;;;Wait for Event;ctmldnrs: load des conditions AJF absentes (BOC*);U512AJF815;Command;No;0;No;CTMSRV;CTMCTM_E12AJF_08_Q;controlm;SRV_PRIMAIRE;SRV_PRIMAIRE;40868
CTM-CONTROL-M;CTMCTM_E12AJF_08_Q;CTMCTM_E12AJF_08_ORP07_Q;"September 12, 2026";;;;Wait for Event;ctmldnrs: load des conditions AJF absentes (OAP*);AJF_CTM_860;Command;No;0;No;CTMSRV;CTMCTM_E12AJF_08_Q;controlm;SRV_PRIMAIRE;SRV_PRIMAIRE;4086f
CTM-CONTROL-M;CTMCTM_E12AJF_08_Q;CTMCTM_E12AJF_08_ORP08_Q;"September 12, 2026";;;;Wait for Event;ctmldnrs: load des conditions AJF absentes (ECO*);AJF_CTM_820;Command;No;0;No;CTMSRV;CTMCTM_E12AJF_08_Q;controlm;SRV_PRIMAIRE;SRV_PRIMAIRE;4086b
CTM-CONTROL-M;CTMCTM_E12AJF_08_Q;CTMCTM_E12AJF_08_ORP09_Q;"September 12, 2026";;;;Wait for Event;ctmldnrs: load des conditions AJF absentes (XFB*);AJF_CTM_830;Command;No;0;No;CTMSRV;CTMCTM_E12AJF_08_Q;controlm;SRV_PRIMAIRE;SRV_PRIMAIRE;4086c
CTM-CONTROL-M;CTMCTM_E12AJF_08_Q;CTMCTM_E12AJF_08_ORP10_Q;"September 12, 2026";;;;Wait for Event;ctmldnrs: load des conditions AJF absentes (ALA*);AJF_CTM_840;Command;No;0;No;CTMSRV;CTMCTM_E12AJF_08_Q;controlm;SRV_PRIMAIRE;SRV_PRIMAIRE;4086d
CTM-CONTROL-M;CTMCTM_E12AJF_08_Q;CTMCTM_E12AJF_08_ORP11_Q;"September 12, 2026";;;;Wait for Event;ctmldnrs: load des conditions AJF absentes (SIG*);AJF_CTM_850;Command;No;0;No;CTMSRV;CTMCTM_E12AJF_08_Q;controlm;SRV_PRIMAIRE;SRV_PRIMAIRE;4086e
CTM-CONTROL-M;CTMCTM_E12AJF_08_Q;CTMCTM_E12AJF_08_ORP12_Q;"September 12, 2026";;;;Wait for Event;ctmldnrs: load des conditions AJF absentes (SAG*);AJF_CTM_850;Command;No;0;No;CTMSRV;CTMCTM_E12AJF_08_Q;controlm;SRV_PRIMAIRE;SRV_PRIMAIRE;4086g
CTM-CONTROL-M;CTMCTM_E12AJF_08_Q;CTMCTM_E12AJF_08_ORP13_Q;"September 12, 2026";;;;Wait for Event;ctmldnrs: load des conditions AJF absentes (HRA*);AJF_CTM_850;Command;No;0;No;CTMSRV;CTMCTM_E12AJF_08_Q;controlm;SRV_PRIMAIRE;SRV_PRIMAIRE;4086h
CTM-CONTROL-M;CTMCTM_E12AJF_08_Q;CTMCTM_E12AJF_08_ORP14_Q;"September 12, 2026";;;;Wait for Event;ctmldnrs: load des conditions AJF absentes (DWH*);AJF_CTM_850;Command;No;0;No;CTMSRV;CTMCTM_E12AJF_08_Q;controlm;SRV_PRIMAIRE;SRV_PRIMAIRE;4086i
CTM-CONTROL-M;CTMCTM_E12AJF_08_Q;CTMCTM_E12AJF_08_ORP15_Q;"September 12, 2026";;;;Wait for Event;ctmldnrs: load des conditions AJF absentes (CSC*);AJF_CTM_850;Command;No;0;No;CTMSRV;CTMCTM_E12AJF_08_Q;controlm;SRV_PRIMAIRE;SRV_PRIMAIRE;4086j
CTM-CONTROL-M;CTMCTM_E12AJF_08_Q;CTMCTM_E12AJF_08_ORP16_Q;"September 12, 2026";;;;Wait for Event;ctmldnrs: load des conditions AJF absentes (MDM*);AJF_CTM_850;Command;No;0;No;CTMSRV;CTMCTM_E12AJF_08_Q;controlm;SRV_PRIMAIRE;SRV_PRIMAIRE;4086k
CTM-CONTROL-M;CTMCTM_E12AJF_08_Q;CTMCTM_E12AJF_08_ORP17_Q;"September 12, 2026";;;;Wait for Event;ctmldnrs: load des conditions AJF absentes (HA8*);AJF_CTM_850;Command;No;0;No;CTMSRV;CTMCTM_E12AJF_08_Q;controlm;SRV_PRIMAIRE;SRV_PRIMAIRE;4086l
CTM-CONTROL-M;CTMCTM_E12AJF_08_Q;CTMCTM_E12AJF_08_ORP18_Q;"September 12, 2026";;;;Wait for Event;ctmldnrs: load des conditions AJF absentes (NRJ*);AJF_CTM_850;Command;No;0;No;CTMSRV;CTMCTM_E12AJF_08_Q;controlm;SRV_PRIMAIRE;SRV_PRIMAIRE;4086m
CTM-CONTROL-M;CTMCTM_E12AJF_08_Q;CTMCTM_E12AJF_08_ORP19_Q;"September 12, 2026";;;;Wait for Event;ctmldnrs: load des conditions AJF absentes (OAF*);AJF_CTM_850;Command;No;0;No;CTMSRV;CTMCTM_E12AJF_08_Q;controlm;SRV_PRIMAIRE;SRV_PRIMAIRE;4086n
CTM-CONTROL-M;CTMCTM_E12AJF_08_Q;CTMCTM_E12AJF_08_ORP20_Q;"September 12, 2026";;;;Wait for Event;ctmldnrs: load des conditions AJF absentes (OPM*);AJF_CTM_850;Command;No;0;No;CTMSRV;CTMCTM_E12AJF_08_Q;controlm;SRV_PRIMAIRE;SRV_PRIMAIRE;4086o
CTM-CONTROL-M;CTMCTM_E12AJF_08_Q;CTMCTM_E12AJF_08_ORP21_Q;"September 12, 2026";;;;Wait for Event;ctmldnrs: load des conditions AJF absentes (OAA*);AJF_CTM_850;Command;No;0;No;CTMSRV;CTMCTM_E12AJF_08_Q;controlm;SRV_PRIMAIRE;SRV_PRIMAIRE;4086p
CTM-CONTROL-M;CTMCTM_E12AJF_08_Q;CTMCTM_E12AJF_08_ORP22_Q;"September 12, 2026";;;;Wait for Event;ctmldnrs: load des conditions AJF absentes (PRO*);AJF_CTM_850;Command;No;0;No;CTMSRV;CTMCTM_E12AJF_08_Q;controlm;SRV_PRIMAIRE;SRV_PRIMAIRE;4086q
CTM-CONTROL-M;CTMCTM_E12AJF_08_Q;CTMCTM_E12AJF_08_ORP23_Q;"September 12, 2026";;;;Wait for Event;ctmldnrs: load des conditions AJF absentes (DWS*);AJF_CTM_850;Command;No;0;No;CTMSRV;CTMCTM_E12AJF_08_Q;controlm;SRV_PRIMAIRE;SRV_PRIMAIRE;4086r
CTM-CONTROL-M;CTMCTM_E12AJF_08_Q;CTMCTM_E12AJF_08_ORP24_Q;"September 12, 2026";;;;Wait for Event;ctmldnrs: load des conditions AJF absentes (DWA*);AJF_CTM_850;Command;No;0;No;CTMSRV;CTMCTM_E12AJF_08_Q;controlm;SRV_PRIMAIRE;SRV_PRIMAIRE;4086s
CTM-CONTROL-M;CTMCTM_E12AJF_08_Q;CTMCTM_E12AJF_08_ORP25_Q;"September 12, 2026";;;;Wait for Event;ctmldnrs: load des conditions AJF absentes (DWF*);AJF_CTM_850;Command;No;0;No;CTMSRV;CTMCTM_E12AJF_08_Q;controlm;SRV_PRIMAIRE;SRV_PRIMAIRE;4086t
CTM-CONTROL-M;CTMCTM_E12AJF_08_Q;CTMCTM_E12AJF_08_ORP26_Q;"September 12, 2026";;;;Wait for Event;ctmldnrs: load des conditions AJF absentes (OPT*);AJF_CTM_850;Command;No;0;No;CTMSRV;CTMCTM_E12AJF_08_Q;controlm;SRV_PRIMAIRE;SRV_PRIMAIRE;4086u
CTM-CONTROL-M;CTMCTM_E12AJF_08_Q;CTMCTM_E12AJF_08_ORP27_Q;"September 12, 2026";;;;Wait for Event;ctmldnrs: load des conditions AJF absentes (GTG*);AJF_CTM_850;Command;No;0;No;CTMSRV;CTMCTM_E12AJF_08_Q;controlm;SRV_PRIMAIRE;SRV_PRIMAIRE;4086v
CTM-CONTROL-M;CTMCTM_E12AJF_08_Q;CTMCTM_E12AJF_08_ORP28_Q;"September 12, 2026";;;;Wait for Event;ctmldnrs: load des conditions AJF absentes (ARI*);AJF_CTM_850;Command;No;0;No;CTMSRV;CTMCTM_E12AJF_08_Q;controlm;SRV_PRIMAIRE;SRV_PRIMAIRE;4086w
CTM-CONTROL-M;CTMCTM_E12AJF_08_Q;CTMCTM_E12AJF_08_ORP29_Q;"September 12, 2026";;;;Wait for Event;ctmldnrs: load des conditions AJF absentes (SRV*);AJF_CTM_850;Command;No;0;No;CTMSRV;CTMCTM_E12AJF_08_Q;controlm;SRV_PRIMAIRE;SRV_PRIMAIRE;4086x
CTM-CONTROL-M;CTMCTM_E12AJF_08_Q;CTMCTM_E12AJF_08_ORP30_Q;"September 12, 2026";;;;Wait for Event;ctmldnrs: load des conditions AJF absentes (FST*);AJF_CTM_850;Command;No;0;No;CTMSRV;CTMCTM_E12AJF_08_Q;controlm;SRV_PRIMAIRE;SRV_PRIMAIRE;4086y
CTM-CONTROL-M;CTMCTM_E12AJF_08_Q;CTMCTM_E12AJF_08_ORP31_Q;"September 12, 2026";;;;Wait for Event;ctmldnrs: load des conditions AJF absentes (PIC*);AJF_CTM_850;Command;No;0;No;CTMSRV;CTMCTM_E12AJF_08_Q;controlm;SRV_PRIMAIRE;SRV_PRIMAIRE;4086z
CTM-CONTROL-M;CTMCTM_E12AJF_08_Q;CTMCTM_E12AJF_08_ORP32_Q;"September 12, 2026";;;;Wait for Event;ctmldnrs: load des conditions AJF absentes (SES*);AJF_CTM_850;Command;No;0;No;CTMSRV;CTMCTM_E12AJF_08_Q;controlm;SRV_PRIMAIRE;SRV_PRIMAIRE;40870
CTM-CONTROL-M;CTMCTM_E12AJF_08_Q;CTMCTM_E12AJF_08_ORP33_Q;"September 12, 2026";;;;Wait for Event;ctmldnrs: load des conditions AJF absentes (DIS*);AJF_CTM_850;Command;No;0;No;CTMSRV;CTMCTM_E12AJF_08_Q;controlm;SRV_PRIMAIRE;SRV_PRIMAIRE;40871
CTM-CONTROL-M;CTMCTM_E12AJF_08_Q;CTMCTM_E12AJF_08_ORP34_Q;"September 12, 2026";;;;Wait for Event;ctmldnrs: load des conditions AJF absentes (DIC*);AJF_CTM_850;Command;No;0;No;CTMSRV;CTMCTM_E12AJF_08_Q;controlm;SRV_PRIMAIRE;SRV_PRIMAIRE;40872
CTM-CONTROL-M;CTMCTM_E12AJF_08_Q;CTMCTM_E12AJF_08_ORP35_Q;"September 12, 2026";;;;Wait for Event;ctmldnrs: load des conditions AJF absentes (HAM*);AJF_CTM_850;Command;No;0;No;CTMSRV;CTMCTM_E12AJF_08_Q;controlm;SRV_PRIMAIRE;SRV_PRIMAIRE;40873
CTM-CONTROL-M;CTMCTM_E12AJF_08_Q;CTMCTM_E12AJF_08_ORP36_Q;"September 12, 2026";;;;Wait for Event;ctmldnrs: load des conditions AJF absentes (DWC*);AJF_CTM_850;Command;No;0;No;CTMSRV;CTMCTM_E12AJF_08_Q;controlm;SRV_PRIMAIRE;SRV_PRIMAIRE;40874
CTM-CONTROL-M;CTMCTM_E12AJF_08_Q;CTMCTM_E12AJF_08_ORP37_Q;"September 12, 2026";;;;Wait for Event;ctmldnrs: load des conditions AJF absentes (DTR*);AJF_CTM_850;Command;No;0;No;CTMSRV;CTMCTM_E12AJF_08_Q;controlm;SRV_PRIMAIRE;SRV_PRIMAIRE;40875
CTM-CONTROL-M;CTMCTM_E12AJF_08_Q;CTMCTM_E12AJF_08_ORP38_Q;"September 12, 2026";;;;Wait for Event;ctmldnrs: load des conditions AJF absentes (PEL*);AJF_CTM_850;Command;No;0;No;CTMSRV;CTMCTM_E12AJF_08_Q;controlm;SRV_PRIMAIRE;SRV_PRIMAIRE;40876
CTM-CONTROL-M;CTMCTM_E12AJF_08_Q;CTMCTM_E12AJF_08_ORP39_Q;"September 12, 2026";;;;Wait for Event;ctmldnrs: load des conditions AJF absentes (HAV*);AJF_CTM_850;Command;No;0;No;CTMSRV;CTMCTM_E12AJF_08_Q;controlm;SRV_PRIMAIRE;SRV_PRIMAIRE;40877
CTM-CONTROL-M;CTMCTM_E12AJF_08_Q;CTMCTM_E12AJF_08_ORP40_Q;"September 12, 2026";;;;Wait for Event;ctmldnrs: load des conditions AJF absentes (HO*) HOLD et HOLD2;AJF_CTM_850;Command;No;0;No;CTMSRV;CTMCTM_E12AJF_08_Q;controlm;SRV_PRIMAIRE;SRV_PRIMAIRE;40878
CTM-CONTROL-M;CTMCTM_E12AJF_08_Q;CTMCTM_E12AJF_08_ORP41_Q;"September 12, 2026";;;;Wait for Event;ctmldnrs: load des conditions AJF absentes (SIC*);AJF_CTM_850;Command;No;0;No;CTMSRV;CTMCTM_E12AJF_08_Q;controlm;SRV_PRIMAIRE;SRV_PRIMAIRE;40879
CTM-CONTROL-M;CTMCTM_E12AJF_08_Q;CTMCTM_E12AJF_08_ORP42_Q;"September 12, 2026";;;;Wait for Event;ctmldnrs: load des conditions AJF absentes (OFA*);AJF_CTM_850;Command;No;0;No;CTMSRV;CTMCTM_E12AJF_08_Q;controlm;SRV_PRIMAIRE;SRV_PRIMAIRE;4087a
CTM-CONTROL-M;CTMCTM_E12AJF_08_Q;CTMCTM_E12AJF_08_ORP43_Q;"September 12, 2026";;;;Wait for Event;ctmldnrs: load des conditions AJF absentes (AGG*);AJF_CTM_850;Command;No;0;No;CTMSRV;CTMCTM_E12AJF_08_Q;controlm;SRV_PRIMAIRE;SRV_PRIMAIRE;4087b
CTM-CONTROL-M;CTMCTM_E12AJF_08_Q;CTMCTM_E12AJF_08_ORP44_Q;"September 12, 2026";;;;Wait for Event;ctmldnrs: load des conditions AJF absentes (GRT*);AJF_CTM_850;Command;No;0;No;CTMSRV;CTMCTM_E12AJF_08_Q;controlm;SRV_PRIMAIRE;SRV_PRIMAIRE;4087c
CTM-CONTROL-M;CTMCTM_E12AJF_08_Q;CTMCTM_E12AJF_08_ORP45_Q;"September 12, 2026";;;;Wait for Event;ctmldnrs: load des conditions AJF absentes (NSI*);AJF_CTM_850;Command;No;0;No;CTMSRV;CTMCTM_E12AJF_08_Q;controlm;SRV_PRIMAIRE;SRV_PRIMAIRE;4087d
CTM-CONTROL-M;CTMCTM_E12AJF_08_Q;CTMCTM_E12AJF_08_ORP46_Q;"September 12, 2026";;;;Wait for Event;ctmldnrs: load des conditions AJF absentes (C2E*);AJF_CTM_850;Command;No;0;No;CTMSRV;CTMCTM_E12AJF_08_Q;controlm;SRV_PRIMAIRE;SRV_PRIMAIRE;4087e
CTM-CONTROL-M;CTMCTM_E12AJF_08_Q;CTMCTM_E12AJF_08_ORP47_Q;"September 12, 2026";;;;Wait for Event;ctmldnrs: load des conditions AJF absentes (MYD*);AJF_CTM_850;Command;No;0;No;CTMSRV;CTMCTM_E12AJF_08_Q;controlm;SRV_PRIMAIRE;SRV_PRIMAIRE;4087f
CTM-CONTROL-M;CTMCTM_E12AJF_08_Q;CTMCTM_E12AJF_08_ORP48_Q;"September 12, 2026";;;;Wait for Event;ctmldnrs: load des conditions AJF absentes (DEC*);AJF_CTM_850;Command;No;0;No;CTMSRV;CTMCTM_E12AJF_08_Q;controlm;SRV_PRIMAIRE;SRV_PRIMAIRE;4087g
CTM-CONTROL-M;CTMCTM_E12AJF_08_Q;CTMCTM_E12AJF_08_ORP49_Q;"September 12, 2026";;;;Wait for Event;ctmldnrs: load des conditions AJF absentes (CTX*);AJF_CTM_850;Command;No;0;No;CTMSRV;CTMCTM_E12AJF_08_Q;controlm;SRV_PRIMAIRE;SRV_PRIMAIRE;4087h
CTM-CONTROL-M;CTMCTM_E12AJF_08_Q;CTMCTM_E12AJF_08_ORP50_Q;"September 12, 2026";;;;Wait for Event;ctmldnrs: load des conditions AJF absentes (FAX*);AJF_CTM_850;Command;No;0;No;CTMSRV;CTMCTM_E12AJF_08_Q;controlm;SRV_PRIMAIRE;SRV_PRIMAIRE;4087i
CTM-CONTROL-M;CTMCTM_E12AJF_08_Q;CTMCTM_E12AJF_08_ORP51_Q;"September 12, 2026";;;;Wait for Event;ctmldnrs: load des conditions AJF absentes (ALP*);AJF_CTM_850;Command;No;0;No;CTMSRV;CTMCTM_E12AJF_08_Q;controlm;SRV_PRIMAIRE;SRV_PRIMAIRE;4087j
CTM-CONTROL-M;CTMCTM_E12AJF_08_Q;CTMCTM_E12AJF_08_ORP52_Q;"September 12, 2026";;;;Wait for Event;ctmldnrs: load des conditions AJF absentes (HAD*);AJF_CTM_850;Command;No;0;No;CTMSRV;CTMCTM_E12AJF_08_Q;controlm;SRV_PRIMAIRE;SRV_PRIMAIRE;4087k
CTM-CONTROL-M;CTMCTM_E12AJF_08_Q;CTMCTM_E12AJF_08_ORP53_Q;"September 12, 2026";;;;Wait for Event;ctmldnrs: load des conditions AJF absentes (BDM*);AJF_CTM_850;Command;No;0;No;CTMSRV;CTMCTM_E12AJF_08_Q;controlm;SRV_PRIMAIRE;SRV_PRIMAIRE;4087l
CTM-CONTROL-M;CTMCTM_E12AJF_08_Q;CTMCTM_E12AJF_08_ORP54_Q;"September 12, 2026";;;;Wait for Event;ctmldnrs: load des conditions AJF absentes (BAB*);AJF_CTM_850;Command;No;0;No;CTMSRV;CTMCTM_E12AJF_08_Q;controlm;SRV_PRIMAIRE;SRV_PRIMAIRE;4087m
CTM-CONTROL-M;CTMCTM_E12AJF_08_Q;CTMCTM_E12AJF_08_ORP55_Q;"September 12, 2026";;;;Wait for Event;ctmldnrs: load des conditions AJF absentes (ECA*);AJF_CTM_850;Command;No;0;No;CTMSRV;CTMCTM_E12AJF_08_Q;controlm;SRV_PRIMAIRE;SRV_PRIMAIRE;4087n
CTM-CONTROL-M;CTMCTM_E12AJF_08_Q;CTMCTM_E12AJF_08_ORP56_Q;"September 12, 2026";;;;Wait for Event;ctmldnrs: load des conditions AJF absentes (CTM*);AJF_CTM_850;Command;No;0;No;CTMSRV;CTMCTM_E12AJF_08_Q;controlm;SRV_PRIMAIRE;SRV_PRIMAIRE;4087o
CTM-CONTROL-M;CTMCTM_E12AJF_08_Q;CTMCTM_E12AJF_08_ORP57_Q;"September 12, 2026";;;;Wait for Event;ctmldnrs: load des conditions AJF absentes (NES*);AJF_CTM_850;Command;No;0;No;CTMSRV;CTMCTM_E12AJF_08_Q;controlm;SRV_PRIMAIRE;SRV_PRIMAIRE;4087p
CTM-CONTROL-M;CTMCTM_E12AJF_08_Q;CTMCTM_E12AJF_08_ORP58_Q;"September 12, 2026";;;;Wait for Event;ctmldnrs: load des conditions AJF absentes (V4D*);CTMCTM_E12AJF_08_ORP58_Q;Command;No;0;No;CTMSRV;CTMCTM_E12AJF_08_Q;controlm;SRV_PRIMAIRE;SRV_PRIMAIRE;4087r
CTM-CONTROL-M;CTMCTM_E12AJF_08_Q;CTMCTM_E12AJF_08_ORP59_Q;"September 12, 2026";;;;Wait for Event;ctmldnrs: load des conditions AJF absentes (REF*);CTMCTM_E12AJF_08_ORP59_Q;Command;No;0;No;CTMSRV;CTMCTM_E12AJF_08_Q;controlm;SRV_PRIMAIRE;SRV_PRIMAIRE;4087q
CTM-CONTROL-M;CTMCTM_E12AJF_08_Q;CTMCTM_E12AJF_08_ORP60_Q;"September 12, 2026";;;;Wait for Event;ctmldnrs: load des conditions AJF absentes (CIT*);CTMCTM_E12AJF_08_ORP60_Q;Command;No;0;No;CTMSRV;CTMCTM_E12AJF_08_Q;controlm;SRV_PRIMAIRE;SRV_PRIMAIRE;4087t
CTM-CONTROL-M;CTMCTM_E12AJF_08_Q;CTMCTM_E12AJF_08_ORP61_Q;"September 12, 2026";;;;Wait for Event;ctmldnrs: load des conditions AJF absentes (HEC*);CTMCTM_E12AJF_08_ORP61_Q;Command;No;0;No;CTMSRV;CTMCTM_E12AJF_08_Q;controlm;SRV_PRIMAIRE;SRV_PRIMAIRE;4087s
CTM-CONTROL-M;CTMCTM_E12AJF_08_Q;CTMCTM_E12AJF_08_ORP62_Q;"September 12, 2026";;;;Wait for Event;ctmldnrs: load des conditions AJF absentes (CEL*);CTMCTM_E12AJF_08_ORP62_Q;Command;No;0;No;CTMSRV;CTMCTM_E12AJF_08_Q;controlm;SRV_PRIMAIRE;SRV_PRIMAIRE;4087u
CTM-CONTROL-M;CTMCTM_E12AJF_08_Q;CTMCTM_E12AJF_08_ORP63_Q;"September 12, 2026";;;;Wait for Event;ctmldnrs: load des conditions AJF absentes (GTN*);CTMCTM_E12AJF_08_ORP62_Q;Command;No;0;No;CTMSRV;CTMCTM_E12AJF_08_Q;controlm;SRV_PRIMAIRE;SRV_PRIMAIRE;4087v
CTM-CONTROL-M;CTMCTM_E12AJF_08_Q;CTMCTM_E12AJF_08_ORP64_Q;"September 12, 2026";;;;Wait for Event;ctmldnrs: load des conditions AJF absentes (FIN*);CTMCTM_E12AJF_08_ORP62_Q;Command;No;0;No;CTMSRV;CTMCTM_E12AJF_08_Q;controlm;SRV_PRIMAIRE;SRV_PRIMAIRE;4087w
CTM-CONTROL-M;CTMCTM_E12AJF_08_Q;CTMCTM_E12AJF_08_ORP65_Q;"September 12, 2026";;;;Wait for Event;ctmldnrs: load des conditions AJF absentes (PFE*);CTMCTM_E12AJF_08_ORP62_Q;Command;No;0;No;CTMSRV;CTMCTM_E12AJF_08_Q;controlm;SRV_PRIMAIRE;SRV_PRIMAIRE;4087x
CTM-CONTROL-M;CTMCTM_E12AJF_08_Q;CTMCTM_E12AJF_08_ORP66_Q;"September 12, 2026";;;;Wait for Event;ctmldnrs: load des conditions AJF absentes (KDR*);CTMCTM_E12AJF_08_ORP62_Q;Command;No;0;No;CTMSRV;CTMCTM_E12AJF_08_Q;controlm;SRV_PRIMAIRE;SRV_PRIMAIRE;4087y
CTM-CONTROL-M;CTMCTM_E12TEC_04_Q;CTMCTM_E12TEC_04_SUB16_Q;"September 12, 2026";;;;Wait for Event;Soumission scripts DWH à 04h00;SUBT0400 DWH;Dummy;No;0;No;CTMSRV;CTMCTM_E12TEC_04_Q;root;;;409ad
CTM-CONTROL-M;CTMCTM_E12TEC_04_Q;CTMCTM_E12TEC_04_SUB24_Q;"September 12, 2026";;;;Wait for Event;Soumission scripts XFB à 06h30;SUBT0630 XFB;Dummy;No;0;No;CTMSRV;CTMCTM_E12TEC_04_Q;root;;;409ae
CTM-CONTROL-M;CTMCTM_E12TEC_04_Q;CTMCTM_E12TEC_04_SUB27_Q;"September 12, 2026";;;;Wait for Event;Soumission scripts DWH à 07h40;SUBT0740 DWH;Dummy;No;0;No;CTMSRV;CTMCTM_E12TEC_04_Q;root;;;409af
CTM-CONTROL-M;CTMCTM_E12TEC_04_Q;CTMCTM_E12TEC_04_SUB28_Q;"September 12, 2026";;;;Wait for Event;Soumission scripts DWH à 08h00;SUBT0800 DWH;Dummy;No;0;No;CTMSRV;CTMCTM_E12TEC_04_Q;root;;;409ag
CTM-CONTROL-M;CTMCTM_E12TEC_04_Q;CTMCTM_E12TEC_04_SUB30_Q;"September 12, 2026";;;;Wait for Event;Soumission scripts à 11h00 DWH;SUBT1100 DWH;Dummy;No;0;No;CTMSRV;CTMCTM_E12TEC_04_Q;root;;;409ah
CTM-CONTROL-M;CTMCTM_E13TEC_04_Q;CTMCTM_E13TEC_04_SUB38_Q;"September 12, 2026";;;;Wait for Event;Soumission scripts PEL à 03h30;SUBT0330 PEL;Dummy;No;0;No;CTMSRV;CTMCTM_E13TEC_04_Q;root;;;407l9
CTM-CONTROL-M;CTMCTM_E13TEC_04_Q;CTMCTM_E13TEC_04_SUB39_Q;"September 12, 2026";;;;Wait for Event;Soumission scripts à 04h00 PEL;SUBT0400 PEL;Dummy;No;0;No;CTMSRV;CTMCTM_E13TEC_04_Q;root;;;407la
CTM-CONTROL-M;CTMCTM_E13TEC_04_Q;CTMCTM_E13TEC_04_SUB40_Q;"September 12, 2026";;;;Wait for Event;Soumission scripts PEL à 04h30;SUBT0430 PEL;Dummy;No;0;No;CTMSRV;CTMCTM_E13TEC_04_Q;root;;;407lb
CTM-CONTROL-M;CTMCTM_E13TEC_04_Q;CTMCTM_E13TEC_04_SUB42_Q;"September 12, 2026";;;;Wait for Event;Soumission scripts PEL à 04h15;SUBT0530 PEL;Dummy;No;0;No;CTMSRV;CTMCTM_E13TEC_04_Q;root;;;407lc
CTM-CONTROL-M;CTMCTM_E13TEC_04_Q;CTMCTM_E13TEC_04_SUB43_Q;"September 12, 2026";;;;Wait for Event;Lancement PEL 06h00;SUBT0600 PEL;Dummy;No;0;No;CTMSRV;CTMCTM_E13TEC_04_Q;root;;;407ld
CTM-CONTROL-M;CTMCTM_E13TEC_04_Q;CTMCTM_E13TEC_04_SUB44_Q;"September 12, 2026";;;;Wait for Event;Lancement PEL 06h15;SUBT0615 PEL;Dummy;No;0;No;CTMSRV;CTMCTM_E13TEC_04_Q;root;;;407le
CTM-CONTROL-M;CTMCTM_E13TEC_04_Q;CTMCTM_E13TEC_04_SUB45_Q;"September 12, 2026";;;;Wait for Event;Lancement PEL 06h30;SUBT0630 PEL;Dummy;No;0;No;CTMSRV;CTMCTM_E13TEC_04_Q;root;;;407lf
CTM-CONTROL-M;CTMCTM_E13TEC_04_Q;CTMCTM_E13TEC_04_SUB46_Q;"September 12, 2026";;;;Wait for Event;Lancement PEL 07h00;SUBT0700 PEL;Dummy;No;0;No;CTMSRV;CTMCTM_E13TEC_04_Q;root;;;407lg
CTM-CONTROL-M;CTMCTM_E13TEC_04_Q;CTMCTM_E13TEC_04_SUB47_Q;"September 12, 2026";;;;Wait for Event;Lancement PEL 07h15;SUBT0715 PEL;Dummy;No;0;No;CTMSRV;CTMCTM_E13TEC_04_Q;root;;;407lh
CTM-CONTROL-M;CTMCTM_E13TEC_04_Q;CTMCTM_E13TEC_04_SUB51_Q;"September 12, 2026";;;;Wait for Event;Soumission scripts PEL  à 21h00;SUBT2100 PEL;Dummy;No;0;No;CTMSRV;CTMCTM_E13TEC_04_Q;root;;;407li
CTM-CONTROL-M;CTMCTM_E14TEC_04_Q;CTMCTM_E14TEC_04_EXP01_Q;"September 12, 2026";;;0810;Wait for Event;ExtractJobsCTM  &  Envoi : Suivi + PrairieCloture;ExtractCsvPlanCurrent_HELIOS_V9.ksh;Job;No;0;Yes;CTMSRV;CTMCTM_E14TEC_04_Q;controlm;SRV_PRIMAIRE;SRV_PRIMAIRE;408d5
CTM-CONTROL-M;CTMCTM_E14TEC_04_Q;CTMCTM_E14TEC_04_EXP02_Q;"September 12, 2026";"September 12, 2026 1:45:23 PM";"September 12, 2026 1:45:23 PM";;Ended OK;ExtractCsvPlanArch => Extract_Full_YYYYMM.csv;ExtractCsvPlanArch.ksh;Dummy;No;1;No;CTMSRV;CTMCTM_E14TEC_04_Q;controlm;;SRV_PRIMAIRE;408d6
CTM-CONTROL-M;CTMCTM_E14TEC_04_Q;CTMCTM_E14TEC_04_EXP03_Q;"September 12, 2026";"September 12, 2026 4:00:00 PM";"September 12, 2026 4:04:21 PM";;Ended OK;ExtractCTMIndicMens => ODAT: yymmjj.csv;ExtractCTMIndicMens.ksh;Job;No;1;No;CTMSRV;CTMCTM_E14TEC_04_Q;controlm;ldkctmp50;SRV_PRIMAIRE;408d7
CTM-CONTROL-M;CTMCTM_E14TEC_04_Q;CTMCTM_E14TEC_04_EXP04_Q;"September 12, 2026";"September 12, 2026 1:45:44 PM";"September 12, 2026 1:45:45 PM";;Wait for Event;ExtractJobsCTM Manuelle : Suivi + PrairieCloture;ExtractCsvPlanCurrent_HELIOS_V9.ksh;Job;No;1;Yes;CTMSRV;CTMCTM_E14TEC_04_Q;controlm;ldkctmp50;SRV_PRIMAIRE;408d9
CTM-CONTROL-M;CTMCTM_E14TEC_04_Q;CTMCTM_E14TEC_04_EXP06_Q;"September 12, 2026";"September 12, 2026 2:00:00 PM";"September 12, 2026 2:04:24 PM";;Ended OK;ExtractJobsCTM Plan -1  : Suivi + PrairieCloture;ExtractCsvPlanCurrent_Jm1.ksh;Job;No;1;No;CTMSRV;CTMCTM_E14TEC_04_Q;controlm;ldkctmp50;SRV_PRIMAIRE;408d8
CTM-CONTROL-M;CTMCTM_E14TEC_04_Q;CTMCTM_E14TEC_04_EXP12_Q;"September 12, 2026";;;;Wait for Event;ExtractJobsCTM  &  Envoi : Suivi + PrairieCloture  DTR;ExtractCsvPlanCurrent_HELIOS_DTR_V9.ksh;Job;No;0;Yes;CTMSRV;CTMCTM_E14TEC_04_Q;controlm;SRV_PRIMAIRE;SRV_PRIMAIRE;408de
CTM-CONTROL-M;CTMCTM_E14TEC_04_Q;CTMCTM_E14TEC_04_EXP13_Q;"September 12, 2026";;;;Wait for Event;ExtractJobsCTM  &  Envoi : Suivi + PrairieCloture Finance;ExtractCsvPlanCurrent_HELIOS_Finance_V9.ksh;Job;No;0;Yes;CTMSRV;CTMCTM_E14TEC_04_Q;controlm;SRV_PRIMAIRE;SRV_PRIMAIRE;408dg
CTM-CONTROL-M;CTMCTM_E14TEC_04_Q;CTMCTM_E14TEC_04_SUB04_Q;"September 12, 2026";"September 12, 2026 2:00:00 PM";"September 12, 2026 2:00:00 PM";;Ended OK;declenchement des travaux batch a 14h00;SUBT1400;Dummy;No;1;No;CTMSRV;CTMCTM_E14TEC_04_Q;root;;;408d2
CTM-CONTROL-M;CTMCTM_E14TEC_04_Q;CTMCTM_E14TEC_04_SUB05_Q;"September 12, 2026";;;;Wait for Event;declenchement des travaux batch a 17h00;SUBT1700;Dummy;No;0;No;CTMSRV;CTMCTM_E14TEC_04_Q;root;;;408d3
CTM-CONTROL-M;CTMCTM_E14TEC_04_Q;CTMCTM_E14TEC_04_SUB08_Q;"September 12, 2026";"September 12, 2026 1:30:09 PM";"September 12, 2026 1:30:09 PM";;Ended OK;Go lancement prod sur ECS;UEMASUB_GO_ECS;Dummy;No;1;No;CTMSRV;CTMCTM_E14TEC_04_Q;root;;;408d4
CTM-CONTROL-M;CTMCTM_E14TEC_04_Q;CTMCTM_E14TEC_04_WRK01_Q;"September 12, 2026";;;0810;Wait for Event;START FIRST : ExtractCsvPlanCourant ReportingFacility V8;Reporting_ctm_courant_csv_v9.bat;Job;No;0;Yes;CTMSRV;CTMCTM_E14TEC_04_Q;svce_cm;A_W_PMAD01;A_W_PMAD01;408dc
CTM-CONTROL-M;CTMCTM_E14TEC_04_Q;CTMCTM_E14TEC_04_WRK02_Q;"September 12, 2026";"September 12, 2026 1:45:00 PM";"September 12, 2026 1:45:22 PM";;Ended OK;START FIRST : ExtractCsvPlanArch ReportingFacility V8;Reporting_ctm_archiv_csv_v9 .bat;Job;No;1;No;CTMSRV;CTMCTM_E14TEC_04_Q;svce_cm;wdkpmadp01;A_W_PMAD01;408da
CTM-CONTROL-M;CTMCTM_E14TEC_04_Q;CTMCTM_E14TEC_04_WRK04_Q;"September 12, 2026";"September 12, 2026 4:45:00 PM";;;Executing;START FIRST : ExtractCsvPlanCourant ReportingFacility V8;Reporting_ctm_courant_csv_v9.bat;Job;No;2;Yes;CTMSRV;CTMCTM_E14TEC_04_Q;svce_cm;wdkpmadp01;A_W_PMAD01;408db
CTM-CONTROL-M;CTMCTM_E14TEC_04_Q;CTMCTM_E14TEC_04_WRK12_Q;"September 12, 2026";;;;Wait for Event;START FIRST : ExtractCsvPlanCourant ReportingFacility V8 DTR;Reporting_ctm_courant_csv_v9.bat;Job;No;0;Yes;CTMSRV;CTMCTM_E14TEC_04_Q;svce_cm;A_W_PMAD01;A_W_PMAD01;408dd
CTM-CONTROL-M;CTMCTM_E14TEC_04_Q;CTMCTM_E14TEC_04_WRK13_Q;"September 12, 2026";;;;Wait for Event;START FIRST : ExtractCsvPlanCourant ReportingFacility V8 Finance;Reporting_ctm_courant_csv_v9.bat;Job;No;0;Yes;CTMSRV;CTMCTM_E14TEC_04_Q;svce_cm;A_W_PMAD01;A_W_PMAD01;408df
CTM-CONTROL-M;CTMCTM_E15TEC_04_Q;CTMCTM_E15TEC_04_SUB04_Q;"September 12, 2026";"September 12, 2026 2:00:00 PM";"September 12, 2026 2:00:00 PM";;Ended OK;declenchement des travaux SES  batchs a 14h00;SUBT1400 SESAME;Dummy;No;1;No;CTMSRV;CTMCTM_E15TEC_04_Q;root;;;407mr
CTM-CONTROL-M;CTMCTM_E16TEC_04_H;CTMCTM_E16TEC_04_SUB01_H;"September 12, 2026";"September 12, 2026 2:00:00 PM";"September 12, 2026 2:00:00 PM";;Ended OK;declenchement des batch de 19h à 14h le samedi;SUBT1400;Dummy;No;1;No;CTMSRV;CTMCTM_E16TEC_04_H;root;;;407lw
CTM-CONTROL-M;CTMCTM_E17TEC_04_Q;CTMCTM_E17TEC_04_SUB08_Q;"September 12, 2026";"September 12, 2026 1:30:09 PM";"September 12, 2026 1:30:09 PM";;Ended OK;Go lancement prod sur SESAME;UEMBSUB_GO_SESAME;Dummy;No;1;No;CTMSRV;CTMCTM_E17TEC_04_Q;root;;;407ri
CTM-CONTROL-M;CTMCTM_E18TEC_04_Q;CTMCTM_E18TEC_04_SUB53_Q;"September 12, 2026";;;;Wait for Event;job de soumission batch HAV 06h00;SUBT0600 HAV;Dummy;No;0;No;CTMSRV;CTMCTM_E18TEC_04_Q;CONTROLM;;;407ny
CTM-CONTROL-M;CTMCTM_E19TEC_04_Q;CTMCTM_E19TEC_04_SUB63_Q;"September 12, 2026";;;;Wait for Event;Soumission scripts  DPRHORA a 06h00;SUBT0700  DPRHORA;Dummy;No;0;No;CTMSRV;CTMCTM_E19TEC_04_Q;root;;;4094y
CTM-CONTROL-M;CTMCTM_E1ATEC_04_Q;CTMCTM_E1ATEC_04_SUB1G_Q;"September 12, 2026";;;;Wait for Event;Soumission scripts NRJ NES a 11h00;SUBT1100 NRJ NES;Dummy;No;0;No;CTMSRV;CTMCTM_E1ATEC_04_Q;root;;;408sw
CTM-CONTROL-M;CTMCTM_E1ATEC_04_Q;CTMCTM_E1ATEC_04_SUB1R_Q;"September 12, 2026";"September 12, 2026 2:00:00 PM";"September 12, 2026 2:00:00 PM";;Ended OK;Soumission scripts a 14h00 HOL SIG NES NRJ;SUBT1400 HOL SIG NES NRJ;Dummy;No;1;No;CTMSRV;CTMCTM_E1ATEC_04_Q;root;;;408sx
CTM-CONTROL-M;CTMCTM_E1ATEC_04_Q;CTMCTM_E1ATEC_04_SUB2A_Q;"September 12, 2026";;;;Wait for Event;Soumission scripts NEJ NES  a 17h00;SUBT1700 NRJ NES;Dummy;No;0;No;CTMSRV;CTMCTM_E1ATEC_04_Q;root;;;408sy
CTM-CONTROL-M;CTMCTM_E1ATEC_04_Q;CTMCTM_E1ATEC_04_SUB86_Q;"September 12, 2026";;;;Wait for Event;Soumission scripts HOLD a 00h15;SUBT0015 HOLD;Dummy;No;0;No;CTMSRV;CTMCTM_E1ATEC_04_Q;root;;;408sp
CTM-CONTROL-M;CTMCTM_E1ATEC_04_Q;CTMCTM_E1ATEC_04_SUB87_Q;"September 12, 2026";;;;Wait for Event;Soumission scripts NRJ NES a 02h00;SUBT0200 NRJ NES;Dummy;No;0;No;CTMSRV;CTMCTM_E1ATEC_04_Q;root;;;408sq
CTM-CONTROL-M;CTMCTM_E1ATEC_04_Q;CTMCTM_E1ATEC_04_SUB90_Q;"September 12, 2026";;;;Wait for Event;Soumission scripts HOLD  a 06h00;SUBT0600 HOLD;Dummy;No;0;No;CTMSRV;CTMCTM_E1ATEC_04_Q;root;;;408sr
CTM-CONTROL-M;CTMCTM_E1ATEC_04_Q;CTMCTM_E1ATEC_04_SUB91_Q;"September 12, 2026";;;;Wait for Event;Soumission scripts XFB  a 06h30;SUBT0630 XFB;Dummy;No;0;No;CTMSRV;CTMCTM_E1ATEC_04_Q;root;;;408ss
CTM-CONTROL-M;CTMCTM_E1ATEC_04_Q;CTMCTM_E1ATEC_04_SUB92_Q;"September 12, 2026";;;;Wait for Event;Soumission scripts SIG a 07h00;SUBT0700 SIG;Dummy;No;0;No;CTMSRV;CTMCTM_E1ATEC_04_Q;root;;;408st
CTM-CONTROL-M;CTMCTM_E1ATEC_04_Q;CTMCTM_E1ATEC_04_SUB93_Q;"September 12, 2026";;;;Wait for Event;Soumission scripts HOLD a 07h15;SUBT0715 HOLD;Dummy;No;0;No;CTMSRV;CTMCTM_E1ATEC_04_Q;root;;;408su
CTM-CONTROL-M;CTMCTM_E1ATEC_04_Q;CTMCTM_E1ATEC_04_SUB96_Q;"September 12, 2026";;;;Wait for Event;Soumission scripts NRJ NES a 08h00;SUBT0800 NRJ NES;Dummy;No;0;No;CTMSRV;CTMCTM_E1ATEC_04_Q;root;;;408sv
CTM-CONTROL-M;CTMCTM_E1BTEC_04_Q;CTMCTM_E1BTEC_04_SUB2Q_Q;"September 12, 2026";;;;Wait for Event;Soumission scripts OAP a 00h05;SUBT0005 OAP;Dummy;No;0;No;CTMSRV;CTMCTM_E1BTEC_04_Q;root;;;408cf
CTM-CONTROL-M;CTMCTM_E1BTEC_04_Q;CTMCTM_E1BTEC_04_SUB2R_Q;"September 12, 2026";;;;Wait for Event;Soumission scripts  OAP  a 03h00;SUBT0300  OAP;Dummy;No;0;No;CTMSRV;CTMCTM_E1BTEC_04_Q;root;;;408cg
CTM-CONTROL-M;CTMCTM_E1BTEC_04_Q;CTMCTM_E1BTEC_04_SUB2U_Q;"September 12, 2026";;;;Wait for Event;Soumission  OAP  scripts a 06h00;SUBT0600  OAP;Dummy;No;0;No;CTMSRV;CTMCTM_E1BTEC_04_Q;root;;;408ch
CTM-CONTROL-M;CTMCTM_E1BTEC_04_Q;CTMCTM_E1BTEC_04_SUB2V_Q;"September 12, 2026";;;;Wait for Event;Soumission scripts OAP a 06h30;SUBT0630  OAP;Dummy;No;0;No;CTMSRV;CTMCTM_E1BTEC_04_Q;root;;;408ci
CTM-CONTROL-M;CTMCTM_E1BTEC_04_Q;CTMCTM_E1BTEC_04_SUB2W_Q;"September 12, 2026";;;;Wait for Event;Soumission scripts  OAP a 07h00;SUBT0700  OAP;Dummy;No;0;No;CTMSRV;CTMCTM_E1BTEC_04_Q;root;;;408cj
CTM-CONTROL-M;CTMCTM_E1BTEC_04_Q;CTMCTM_E1BTEC_04_SUB3A_Q;"September 12, 2026";;;;Wait for Event;Soumission scripts  OAP a 08h00;SUBT0805  OAP;Dummy;No;0;No;CTMSRV;CTMCTM_E1BTEC_04_Q;root;;;408ck
CTM-CONTROL-M;CTMCTM_E1BTEC_04_Q;CTMCTM_E1BTEC_04_SUB3D_Q;"September 12, 2026";;;;Wait for Event;Soumission scripts  OAP a 08h45;SUBT0845  OAP;Dummy;No;0;No;CTMSRV;CTMCTM_E1BTEC_04_Q;root;;;408cl
CTM-CONTROL-M;CTMCTM_E1BTEC_04_Q;CTMCTM_E1BTEC_04_SUB3H_Q;"September 12, 2026";;;;Wait for Event;Soumission scripts  OAP a 11h00;SUBT1100  OAP;Dummy;No;0;No;CTMSRV;CTMCTM_E1BTEC_04_Q;root;;;408cm
CTM-CONTROL-M;CTMCTM_E1BTEC_04_Q;CTMCTM_E1BTEC_04_SUB3K_Q;"September 12, 2026";;;;Wait for Event;Soumission scripts  OAP  a 12h00;SUBT1200  OAP;Dummy;No;0;No;CTMSRV;CTMCTM_E1BTEC_04_Q;root;;;408cn
CTM-CONTROL-M;CTMCTM_E1BTEC_04_Q;CTMCTM_E1BTEC_04_SUB3N_Q;"September 12, 2026";"September 12, 2026 1:45:00 PM";"September 12, 2026 1:45:00 PM";;Ended OK;Soumission scripts  OAP a 13h45;SUBT1345  OAP;Dummy;No;1;No;CTMSRV;CTMCTM_E1BTEC_04_Q;root;;;408co
CTM-CONTROL-M;CTMCTM_E1BTEC_04_Q;CTMCTM_E1BTEC_04_SUB3P_Q;"September 12, 2026";"September 12, 2026 2:00:00 PM";"September 12, 2026 2:00:00 PM";;Ended OK;Soumission scripts  OAP a 14h00;SUBT1400  OAP;Dummy;No;1;No;CTMSRV;CTMCTM_E1BTEC_04_Q;root;;;408cp
CTM-CONTROL-M;CTMCTM_E1BTEC_04_Q;CTMCTM_E1BTEC_04_SUB3S_Q;"September 12, 2026";;;;Wait for Event;Soumission scripts  OAP a 17h00;SUBT1700  OAP;Dummy;No;0;No;CTMSRV;CTMCTM_E1BTEC_04_Q;root;;;408cq
CTM-CONTROL-M;CTMCTM_E1BTEC_04_Q;CTMCTM_E1BTEC_04_SUB3W_Q;"September 12, 2026";;;;Wait for Event;Soumission scripts  OAP a 18h30;SUBT1830  OAP;Dummy;No;0;No;CTMSRV;CTMCTM_E1BTEC_04_Q;root;;;408cr
CTM-CONTROL-M;CTMCTM_E1DTEC_04_Q;CTMCTM_E1DTEC_04_SUB4F_Q;"September 12, 2026";;;;Wait for Event;Soumission scripts OAF  à 00h15;SUBT0015 OAF;Dummy;No;0;No;CTMSRV;CTMCTM_E1DTEC_04_Q;root;;;407oc
CTM-CONTROL-M;CTMCTM_E1DTEC_04_Q;CTMCTM_E1DTEC_04_SUB4P_Q;"September 12, 2026";;;;Wait for Event;Soumission scripts OAF à 06h30;SUBT0630 OAF;Dummy;No;0;No;CTMSRV;CTMCTM_E1DTEC_04_Q;root;;;407od
CTM-CONTROL-M;CTMCTM_E1DTEC_04_Q;CTMCTM_E1DTEC_04_SUB4R_Q;"September 12, 2026";;;;Wait for Event;Soumission scripts OAF à 06h55;SUBT0655 OAF;Dummy;No;0;No;CTMSRV;CTMCTM_E1DTEC_04_Q;root;;;407oe
CTM-CONTROL-M;CTMCTM_E1DTEC_04_Q;CTMCTM_E1DTEC_04_SUB4S_Q;"September 12, 2026";;;;Wait for Event;Soumission scripts OAF  à 08h00;SUBT0800 OAF;Dummy;No;0;No;CTMSRV;CTMCTM_E1DTEC_04_Q;root;;;407of
CTM-CONTROL-M;CTMCTM_E1DTEC_04_Q;CTMCTM_E1DTEC_04_SUB4U_Q;"September 12, 2026";;;;Wait for Event;Soumission scripts OAF à 11h00;SUBT1100 OAF;Dummy;No;0;No;CTMSRV;CTMCTM_E1DTEC_04_Q;root;;;407og
CTM-CONTROL-M;CTMCTM_E1ETEC_04_Q;CTMCTM_E1ETEC_04_SUB5B_Q;"September 12, 2026";;;;Wait for Event;Soumission scripts a 00h15;SUBT0015;Dummy;No;0;No;CTMSRV;CTMCTM_E1ETEC_04_Q;root;;;408il
CTM-CONTROL-M;CTMCTM_E1ETEC_04_Q;CTMCTM_E1ETEC_04_SUB5C_Q;"September 12, 2026";;;;Wait for Event;Soumission scripts a 01h00;SUBT0100;Dummy;No;0;No;CTMSRV;CTMCTM_E1ETEC_04_Q;root;;;408im
CTM-CONTROL-M;CTMCTM_E1ETEC_04_Q;CTMCTM_E1ETEC_04_SUB5D_Q;"September 12, 2026";;;;Wait for Event;Soumission scripts a 02h00;SUBT0200;Dummy;No;0;No;CTMSRV;CTMCTM_E1ETEC_04_Q;root;;;408in
CTM-CONTROL-M;CTMCTM_E1ETEC_04_Q;CTMCTM_E1ETEC_04_SUB5E_Q;"September 12, 2026";;;;Wait for Event;Soumission scripts a 03h00;SUBT0300;Dummy;No;0;No;CTMSRV;CTMCTM_E1ETEC_04_Q;root;;;408io
CTM-CONTROL-M;CTMCTM_E1ETEC_04_Q;CTMCTM_E1ETEC_04_SUB5R_Q;"September 12, 2026";;;;Wait for Event;Soumission scripts a 11h00;SUBT1100;Dummy;No;0;No;CTMSRV;CTMCTM_E1ETEC_04_Q;root;;;408ip
CTM-CONTROL-M;CTMCTM_E1ETEC_04_Q;CTMCTM_E1ETEC_04_SUB5Z_Q;"September 12, 2026";;;;Wait for Event;Soumission scripts a 19h00;SUBT1900;Dummy;No;0;No;CTMSRV;CTMCTM_E1ETEC_04_Q;root;;;408iq
CTM-CONTROL-M;CTMCTM_E1ETEC_04_Q;CTMCTM_E1ETEC_04_SUB6B_Q;"September 12, 2026";;;;Wait for Event;Soumission scripts a 20h50;SUBT2100;Dummy;No;0;No;CTMSRV;CTMCTM_E1ETEC_04_Q;root;;;408ir
CTM-CONTROL-M;CTMCTM_E1ETEC_04_Q;CTMCTM_E1ETEC_04_SUB6C_Q;"September 12, 2026";;;;Wait for Event;Soumission scripts a 22h00;SUBT2200;Dummy;No;0;No;CTMSRV;CTMCTM_E1ETEC_04_Q;root;;;408is
CTM-CONTROL-M;CTMCTM_E1GTEC_04_Q;CTMCTM_E1GTEC_04_LIM04_Q;"September 12, 2026";;;;Wait for Event;Heure limite de soumission des batchs;LIMITBATCH;Dummy;No;0;No;CTMSRV;CTMCTM_E1GTEC_04_Q;root;;;407s8
CTM-CONTROL-M;CTMCTM_E1GTEC_04_Q;CTMCTM_E1GTEC_04_LIM05_Q;"September 12, 2026";;;;Wait for Event;Heure limite de soumission des batchs;LIMITE0015;Dummy;No;0;No;CTMSRV;CTMCTM_E1GTEC_04_Q;root;;;407s9
CTM-CONTROL-M;CTMCTM_E1GTEC_04_Q;CTMCTM_E1GTEC_04_LIM06_Q;"September 12, 2026";;;;Wait for Event;Heure limite de soumission des batchs;LIMITE0130;Dummy;No;0;No;CTMSRV;CTMCTM_E1GTEC_04_Q;root;;;407sa
CTM-CONTROL-M;CTMCTM_E1GTEC_04_Q;CTMCTM_E1GTEC_04_LIM07_Q;"September 12, 2026";;;;Wait for Event;Heure limite de soumission des batchs;LIMITE0200;Dummy;No;0;No;CTMSRV;CTMCTM_E1GTEC_04_Q;root;;;407sb
CTM-CONTROL-M;CTMCTM_E1GTEC_04_Q;CTMCTM_E1GTEC_04_LIM08_Q;"September 12, 2026";;;;Wait for Event;Heure limite de soumission des batchs;LIMITE0300;Dummy;No;0;No;CTMSRV;CTMCTM_E1GTEC_04_Q;root;;;407sc
CTM-CONTROL-M;CTMCTM_E1GTEC_04_Q;CTMCTM_E1GTEC_04_LIM09_Q;"September 12, 2026";;;;Wait for Event;Heure limite de soumission des batchs;LIMITE0345;Dummy;No;0;No;CTMSRV;CTMCTM_E1GTEC_04_Q;root;;;407sd
CTM-CONTROL-M;CTMCTM_E1GTEC_04_Q;CTMCTM_E1GTEC_04_LIM10_Q;"September 12, 2026";;;;Wait for Event;Heure limite de soumission des batchs;LIMITE0400;Dummy;No;0;No;CTMSRV;CTMCTM_E1GTEC_04_Q;root;;;407se
CTM-CONTROL-M;CTMCTM_E1GTEC_04_Q;CTMCTM_E1GTEC_04_LIM11_Q;"September 12, 2026";;;;Wait for Event;Heure limite de soumission des batchs;LIMITE0500;Dummy;No;0;No;CTMSRV;CTMCTM_E1GTEC_04_Q;root;;;407sf
CTM-CONTROL-M;CTMCTM_E1GTEC_04_Q;CTMCTM_E1GTEC_04_LIM12_Q;"September 12, 2026";;;;Wait for Event;Heure limite de soumission des batchs;LIMITE2345;Dummy;No;0;No;CTMSRV;CTMCTM_E1GTEC_04_Q;root;;;407sg
CTM-CONTROL-M;CTMCTM_E1GTEC_04_Q;CTMCTM_E1GTEC_04_SUB85_Q;"September 12, 2026";;;;Wait for Event;Soumission scripts a 07h30;SBTU512H16;Dummy;No;0;No;CTMSRV;CTMCTM_E1GTEC_04_Q;root;;;407sh
CTM-CONTROL-M;CTMCTM_E1HTEC_04_Q;CTMCTM_E1HTEC_04_LIM13_Q;"September 12, 2026";;;;Wait for Event;Heure limite de soumission des batchs;LIMITBATCH;Dummy;No;0;No;CTMSRV;CTMCTM_E1HTEC_04_Q;root;;;4090l
CTM-CONTROL-M;CTMCTM_E1HTEC_04_Q;CTMCTM_E1HTEC_04_LIM14_Q;"September 12, 2026";;;;Wait for Event;Heure limite de soumission batch;LIMITE0100;Dummy;No;0;No;CTMSRV;CTMCTM_E1HTEC_04_Q;root;;;4090m
CTM-CONTROL-M;CTMCTM_E1HTEC_04_Q;CTMCTM_E1HTEC_04_LIM15_Q;"September 12, 2026";;;;Wait for Event;Heure limite de soumission batch 04h00;LIMITE0500;Dummy;No;0;No;CTMSRV;CTMCTM_E1HTEC_04_Q;root;;;4090n
CTM-CONTROL-M;CTMCTM_E1HTEC_04_Q;CTMCTM_E1HTEC_04_LIM16_Q;"September 12, 2026";;;;Wait for Event;Heure limite de soumission batch;LIMITE0600;Dummy;No;0;No;CTMSRV;CTMCTM_E1HTEC_04_Q;root;;;4090o
CTM-CONTROL-M;CTMCTM_E1HTEC_04_Q;CTMCTM_E1HTEC_04_LIM17_Q;"September 12, 2026";;;;Wait for Event;Heure limite de soumission batch;LIMITE0900;Dummy;No;0;No;CTMSRV;CTMCTM_E1HTEC_04_Q;root;;;4090p
CTM-CONTROL-M;CTMCTM_E1HTEC_04_Q;CTMCTM_E1HTEC_04_LIM18_Q;"September 12, 2026";;;;Wait for Event;Heure limite de soumission batch;LIMITE2000;Dummy;No;0;No;CTMSRV;CTMCTM_E1HTEC_04_Q;root;;;4090q
CTM-CONTROL-M;CTMCTM_E1HTEC_04_Q;CTMCTM_E1HTEC_04_LIM19_Q;"September 12, 2026";;;;Wait for Event;Heure limite de soumission batch;LIMITE2200;Dummy;No;0;No;CTMSRV;CTMCTM_E1HTEC_04_Q;root;;;4090r
CTM-CONTROL-M;CTMCTM_E1RTEC_04_Q;CTMCTM_E1RTEC_04_DEL01_Q;"September 12, 2026";"September 12, 2026 2:00:00 PM";"September 12, 2026 2:00:02 PM";;Ended OK;SERVITUDE : Purge des log Control-M EM;;Command;No;1;No;CTMSRV;CTMCTM_E1RTEC_04_Q;emuser;ldkctmp50;A_L_CTM01;4096x
CTM-CONTROL-M;CTMCTM_E1RTEC_04_Q;CTMCTM_E1RTEC_04_DEL02_Q;"September 12, 2026";"September 12, 2026 2:00:00 PM";"September 12, 2026 2:00:00 PM";;Ended OK;SERVITUDE : Purge les logs et travaux present dans la directory /opt/exploit/;;Dummy;No;1;No;CTMSRV;CTMCTM_E1RTEC_04_Q;emuser;;A_L_CTM01;4096y
CTM-CONTROL-M;CTMCTM_E1ZTEC_04_Q;CTMCTM_E1ZTEC_04_CTL01_Q;"September 12, 2026";;;;Wait for Event;Controle execution des jobs avec Condition PREV;;Dummy;No;0;No;CTMSRV;CTMCTM_E1ZTEC_04_Q;root;ldkctmp50;;4097b
CTM-CONTROL-M;CTMCTM_E1ZTEC_04_Q;CTMCTM_E1ZTEC_04_CTL03_Q;"September 12, 2026";"September 12, 2026 4:30:00 PM";"September 12, 2026 4:30:00 PM";1730;Wait for Event;CONTROLM : Controle des calendriers non upload;CTM_controle_calendar_not_upload;Dummy;No;2;Yes;CTMSRV;CTMCTM_E1ZTEC_04_Q;emuser;;;4097c
CTM-CONTROL-M;CTMSRV_J1YTEC_04_Q;CTMSRV_J1YTEC_04_00000_Q;"September 12, 2026";"September 12, 2026 1:30:09 PM";"September 12, 2026 1:30:09 PM";;Ended OK;Chaîne : Historisation des logs;U512010;Dummy;No;1;No;CTMSRV;CTMSRV_J1YTEC_04_Q;root;;;4083b
CTM-CONTROL-M;CTMSRV_J1YTEC_04_Q;CTMSRV_J1YTEC_04_99999_Q;"September 12, 2026";;;;Wait for Event;Fin : Historisation des logs;U512010999;Dummy;No;0;No;CTMSRV;CTMSRV_J1YTEC_04_Q;root;;;4083a
DHCP-REGION;DHCDHC_E11REB_12_H;DCHDCH_E11REB_07_WAI10_H;"September 12, 2026";;;;Wait for Event;DHCP: WAIT REBOOT WDKDHCP07;DHCP: WAIT REBOOT WDKDHCP07;Command;No;0;No;CTMSRV;DHCDHC_E11REB_12_H;root;SRV_PRIMAIRE;SRV_PRIMAIRE;407h3
DHCP-REGION;DHCDHC_E11REB_12_H;DCHDCH_E11REB_08_WAI10_H;"September 12, 2026";;;;Wait for Event;DHCP: WAIT REBOOT WDKDHCP08;DHCP: WAIT REBOOT WDKDHCP07;Command;No;0;No;CTMSRV;DHCDHC_E11REB_12_H;root;SRV_PRIMAIRE;SRV_PRIMAIRE;407h6
DHCP-REGION;DHCDHC_E11REB_12_H;DHCDHC_E11REB_07_MEL01_H;"September 12, 2026";;;;Wait for Event;DHCP : Notification Mail DEBUT reboot DHCP Bordeaux;Notification_Plan_Refresh.ksh;Job;No;0;No;CTMSRV;DHCDHC_E11REB_12_H;root;SRV_PRIMAIRE;SRV_PRIMAIRE;407h0
DHCP-REGION;DHCDHC_E11REB_12_H;DHCDHC_E11REB_07_MEL02_H;"September 12, 2026";;;;Wait for Event;DHCP : Notification Mail FIN reboot de Bordeaux;Notification_Plan_Refresh.ksh;Job;No;0;No;CTMSRV;DHCDHC_E11REB_12_H;root;SRV_PRIMAIRE;SRV_PRIMAIRE;407h1
DHCP-REGION;DHCDHC_E11REB_12_H;DHCDHC_E11REB_07_REB11_H;"September 12, 2026";;;;Wait for Event;Reboot serveurs: WDKDHCP07;Reboot serveurs: WDKDHCP07;Command;No;0;No;CTMSRV;DHCDHC_E11REB_12_H;svce_cm;A_W_DHC07;A_W_DHC07;407h2
DHCP-REGION;DHCDHC_E11REB_12_H;DHCDHC_E11REB_08_MEL01_H;"September 12, 2026";;;;Wait for Event;DHCP : Notification Mail DEBUT reboot DHCP Rouen;Notification_Plan_Refresh.ksh;Job;No;0;No;CTMSRV;DHCDHC_E11REB_12_H;root;SRV_PRIMAIRE;SRV_PRIMAIRE;407h4
DHCP-REGION;DHCDHC_E11REB_12_H;DHCDHC_E11REB_08_MEL02_H;"September 12, 2026";;;;Wait for Event;DHCP : Notification Mail FIN reboot de Rouen;Notification_Plan_Refresh.ksh;Job;No;0;No;CTMSRV;DHCDHC_E11REB_12_H;root;SRV_PRIMAIRE;SRV_PRIMAIRE;407h7
DHCP-REGION;DHCDHC_E11REB_12_H;DHCDHC_E11REB_08_REB11_H;"September 12, 2026";;;;Wait for Event;Reboot serveurs: WDKDHCP08;Reboot serveurs: WDKDHCP07;Command;No;0;No;CTMSRV;DHCDHC_E11REB_12_H;svce_cm;A_W_DHC08;A_W_DHC08;407h5
DHCP-REGION;DHCDHC_E11REB_12_H;DHCDHC_E11REB_12_H;"September 12, 2026";;;;Wait for Event;DHCP : Plan de maintenance DHCP Bordeaux et Rouen;;SMART Table;No;0;No;CTMSRV;DHCDHC_E11REB_12_H;;;;407gz
DHCP-REGION;DHCDHC_E11REB_12_M;DCHDCH_E11REB_08_WAI10_H;"September 12, 2026";;;;Wait for Event;DHCP: WAIT REBOOT WDKDHCP02;WAIT REB WDKDHCP02;Command;No;0;No;CTMSRV;DHCDHC_E11REB_12_M;root;SRV_PRIMAIRE;SRV_PRIMAIRE;4094j
DHCP-REGION;DHCDHC_E11REB_12_M;DHCDHC_E11REB_12_CTL02_M;"September 12, 2026";;;;Wait for Event;control reboot du serveur  WDKDHCP02;net statistics server;Command;No;0;No;CTMSRV;DHCDHC_E11REB_12_M;svce_cm;A_W_DHC02;A_W_DHC02;4094l
DHCP-REGION;DHCDHC_E11REB_12_M;DHCDHC_E11REB_12_M;"September 12, 2026";;;;Wait for Event;DHCP : Plan de maintenance DHCP: serveur WDKDHCP01 et WDKDHCP02;;SMART Table;No;0;No;CTMSRV;DHCDHC_E11REB_12_M;;;;4094g
DHCP-REGION;DHCDHC_E11REB_12_M;DHCDHC_E11REB_12_MEL02_M;"September 12, 2026";;;;Wait for Event;DHCP : Notification Mail DEBUT reboot WDKDHCP02;Notification_Plan_Maintenance.ksh;Job;No;0;No;CTMSRV;DHCDHC_E11REB_12_M;root;SRV_PRIMAIRE;SRV_PRIMAIRE;4094h
DHCP-REGION;DHCDHC_E11REB_12_M;DHCDHC_E11REB_12_MEL04_M;"September 12, 2026";;;;Wait for Event;DHCP : Notification Mail FIN reboot du serveur WDKDHCP02;Notification_Plan_Maintenance.ksh;Job;No;0;No;CTMSRV;DHCDHC_E11REB_12_M;root;SRV_PRIMAIRE;SRV_PRIMAIRE;4094k
DHCP-REGION;DHCDHC_E11REB_12_M;DHCDHC_E11REB_12_REB02_M;"September 12, 2026";;;;Wait for Event;Reboot serveurs: WDKDHCP02;Reboot WDKDHCP02;Command;No;0;No;CTMSRV;DHCDHC_E11REB_12_M;svce_cm;A_W_DHC02;A_W_DHC02;4094i
DTR-DECISIONNEL TRAN;DTRDTR_E11REB_12_Q;DTRDTR_E11REB_12_CTL01_Q;"September 12, 2026";;;;Wait for Event;Redemarrage DTR : TEST si serveur demarre (wdkdtrp12);dir;Command;No;0;No;CTMSRV;DTRDTR_E11REB_12_Q;svce_cm;A_W_DTR12;A_W_DTR12;407zt
DTR-DECISIONNEL TRAN;DTRDTR_E11REB_12_Q;DTRDTR_E11REB_12_CTL02_Q;"September 12, 2026";;;;Wait for Event;Info sur le Redemarrage DTR BI4 :  (WDKDTRP12);net statistics WORKSTATION;Command;No;0;No;CTMSRV;DTRDTR_E11REB_12_Q;svce_cm;A_W_DTR12;A_W_DTR12;40805
DTR-DECISIONNEL TRAN;DTRDTR_E11REB_12_Q;DTRDTR_E11REB_12_CTL03_Q;"September 12, 2026";;;;Wait for Event;Redemarrage DTR : TEST si serveur demarre (WDKDTRP13);dir;Command;No;0;No;CTMSRV;DTRDTR_E11REB_12_Q;svce_cm;A_W_DTR13;A_W_DTR13;40801
DTR-DECISIONNEL TRAN;DTRDTR_E11REB_12_Q;DTRDTR_E11REB_12_CTL04_Q;"September 12, 2026";;;;Wait for Event;Info sur le Redemarrage DTR :  (WDKDTRP14);net statistics WORKSTATION;Command;No;0;No;CTMSRV;DTRDTR_E11REB_12_Q;svce_cm;A_W_DTR14;A_W_DTR14;4080a
DTR-DECISIONNEL TRAN;DTRDTR_E11REB_12_Q;DTRDTR_E11REB_12_CTL04_Q;"September 12, 2026";;;;Wait for Event;Info sur le Redemarrage DTR BI4 :  (WDKDTRP13);net statistics WORKSTATION;Command;No;0;No;CTMSRV;DTRDTR_E11REB_12_Q;svce_cm;A_W_DTR13;A_W_DTR13;40806
DTR-DECISIONNEL TRAN;DTRDTR_E11REB_12_Q;DTRDTR_E11REB_12_MEL01_Q;"September 12, 2026";;;;Wait for Event;"DTR SAP BI: Notification Mail DEBUT Plan de Maintenance quotidien des serveur WDKDTRP12 ; WDKDTRP13";Notification_Plan_Maintenance.ksh;Job;No;0;No;CTMSRV;DTRDTR_E11REB_12_Q;root;SRV_PRIMAIRE;SRV_PRIMAIRE;40807
DTR-DECISIONNEL TRAN;DTRDTR_E11REB_12_Q;DTRDTR_E11REB_12_MEL02_Q;"September 12, 2026";;;;Wait for Event;DTR SAP BI : Notification Mail FIN Plan de Maintenance quotidien des serveurs WDKDTRP12 et WDKDTRP13;Notification_Plan_Maintenance.ksh;Job;No;0;No;CTMSRV;DTRDTR_E11REB_12_Q;root;SRV_PRIMAIRE;SRV_PRIMAIRE;40808
DTR-DECISIONNEL TRAN;DTRDTR_E11REB_12_Q;DTRDTR_E11REB_12_NAS12_Q;"September 12, 2026";;;;Wait for Event;Mapper le Disque NAS EDF;Mapper  Disque NAS EDF;Command;No;0;Yes;CTMSRV;DTRDTR_E11REB_12_Q;svc_sapbi;A_W_DTR12;A_W_DTR12;407zu
DTR-DECISIONNEL TRAN;DTRDTR_E11REB_12_Q;DTRDTR_E11REB_12_NAS13_Q;"September 12, 2026";;;;Wait for Event;Mapper le Disque NAS EDF;Mapper  Disque NAS EDF;Command;No;0;Yes;CTMSRV;DTRDTR_E11REB_12_Q;svc_sapbi;A_W_DTR13;A_W_DTR13;40802
DTR-DECISIONNEL TRAN;DTRDTR_E11REB_12_Q;DTRDTR_E11REB_12_Q;"September 12, 2026";;;;Wait for Event;Plan de Maintenance quotidien des serveurs DTR SAP BI;;SMART Table;No;0;No;CTMSRV;DTRDTR_E11REB_12_Q;;;;407zo
DTR-DECISIONNEL TRAN;DTRDTR_E11REB_12_Q;DTRDTR_E11REB_12_REB12_Q;"September 12, 2026";;;;Wait for Event;Redemarrage DTR BI4: REBOOT du serveur (wdkdtrp12);Shutdown_wdkdtrp12;Command;No;0;No;CTMSRV;DTRDTR_E11REB_12_Q;svce_cm;A_W_DTR12;A_W_DTR12;407zr
DTR-DECISIONNEL TRAN;DTRDTR_E11REB_12_Q;DTRDTR_E11REB_12_REB13_Q;"September 12, 2026";;;;Wait for Event;Redemarrage DTR BI4: REBOOT du serveur (WDKDTRP13);Shutdown WDKDTRP13;Command;No;0;No;CTMSRV;DTRDTR_E11REB_12_Q;svce_cm;A_W_DTR13;A_W_DTR13;407zz
DTR-DECISIONNEL TRAN;DTRDTR_E11REB_12_Q;DTRDTR_E11REB_12_REB14_Q;"September 12, 2026";;;;Wait for Event;Redemarrage DTR : REBOOT du serveur (WDKDTRP14);Shutdown WDKDTRP14;Command;No;0;No;CTMSRV;DTRDTR_E11REB_12_Q;svce_cm;A_W_DTR14;A_W_DTR14;40809
DTR-DECISIONNEL TRAN;DTRDTR_E11REB_12_Q;DTRDTR_E11REB_12_SLP12_Q;"September 12, 2026";;;;Wait for Event;Redemarrage DTR BI4 : SLEEP pour test si serveur demarre (wdkdtrp12);sleep 200_et_test;Command;No;0;No;CTMSRV;DTRDTR_E11REB_12_Q;root;SRV_PRIMAIRE;SRV_PRIMAIRE;407zs
DTR-DECISIONNEL TRAN;DTRDTR_E11REB_12_Q;DTRDTR_E11REB_12_SLP13_Q;"September 12, 2026";;;;Wait for Event;Redemarrage DTR BI4 : SLEEP pour test si serveur demarre (WDKDTRP13);sleep 200_et_test;Command;No;0;No;CTMSRV;DTRDTR_E11REB_12_Q;root;SRV_PRIMAIRE;SRV_PRIMAIRE;40800
DTR-DECISIONNEL TRAN;DTRDTR_E11REB_12_Q;DTRDTR_E11REB_12_STP01_Q;"September 12, 2026";;;;Wait for Event;ARRET  BOEXI40SIAWDKDTRP12: STOP  (WDKDTRP12);stop BO_WDKDTRP12;Command;No;0;No;CTMSRV;DTRDTR_E11REB_12_Q;svc_sapbi;A_W_DTR12;A_W_DTR12;407zp
DTR-DECISIONNEL TRAN;DTRDTR_E11REB_12_Q;DTRDTR_E11REB_12_STP02_Q;"September 12, 2026";;;;Wait for Event;ARRET  BOEXI40Tomcat: STOP  (WDKDTRP12);stop_Tomcat_WDKDTRP12;Command;No;0;No;CTMSRV;DTRDTR_E11REB_12_Q;svc_sapbi;A_W_DTR12;A_W_DTR12;407zq
DTR-DECISIONNEL TRAN;DTRDTR_E11REB_12_Q;DTRDTR_E11REB_12_STP03_Q;"September 12, 2026";;;;Wait for Event;ARRET  BOEXI40SIAWDKDTRE13: STOP  (WDKDTRP13);stop BO_WDKDTRP13;Command;No;0;No;CTMSRV;DTRDTR_E11REB_12_Q;svc_sapbi;A_W_DTR13;A_W_DTR13;407zx
DTR-DECISIONNEL TRAN;DTRDTR_E11REB_12_Q;DTRDTR_E11REB_12_STP04_Q;"September 12, 2026";;;;Wait for Event;ARRET  BOEXI40Tomcat: STOP  (WDKDTRP13);stop Tomcat WDKDTRP13;Command;No;0;No;CTMSRV;DTRDTR_E11REB_12_Q;svc_sapbi;A_W_DTR13;A_W_DTR13;407zy
DTR-DECISIONNEL TRAN;DTRDTR_E11REB_12_Q;DTRDTR_E11REB_12_STR01_Q;"September 12, 2026";;;;Wait for Event;DEMARRAGE  BOEXI40SIAWDKDTRE12: START  (WDKDTRP12);start BO_WDKDTRP12;Command;No;0;No;CTMSRV;DTRDTR_E11REB_12_Q;svc_sapbi;A_W_DTR12;A_W_DTR12;407zw
DTR-DECISIONNEL TRAN;DTRDTR_E11REB_12_Q;DTRDTR_E11REB_12_STR02_Q;"September 12, 2026";;;;Wait for Event;DEMARRAGE  BOEXI40Tomcat: START  (WDKDTRP12);start Tomcat WDKDTRP12;Dummy;No;0;No;CTMSRV;DTRDTR_E11REB_12_Q;svc_sapbi;A_W_DTR12;A_W_DTR12;407zv
DTR-DECISIONNEL TRAN;DTRDTR_E11REB_12_Q;DTRDTR_E11REB_12_STR03_Q;"September 12, 2026";;;;Wait for Event;DEMARRAGE  BOEXI40SIAWDKDTRP13: START  (WDKDTRP13);start BO_WDKDTRP13;Command;No;0;No;CTMSRV;DTRDTR_E11REB_12_Q;svc_sapbi;A_W_DTR13;A_W_DTR13;40804
DTR-DECISIONNEL TRAN;DTRDTR_E11REB_12_Q;DTRDTR_E11REB_12_STR04_Q;"September 12, 2026";;;;Wait for Event;DEMARRAGE  BOEXI40Tomcat: START  (WDKDTRP13);start Tomcat WDKDTRP13;Dummy;No;0;No;CTMSRV;DTRDTR_E11REB_12_Q;svc_sapbi;A_W_DTR13;A_W_DTR13;40803
DTR-DECISIONNEL TRAN;DTRDTR_J11TEC_04_Q;DTRDTR_J11TEC_04_CTL01_Q;"September 12, 2026";;;;Wait for Event;Jalon de controle des COND PREV postees (Plan de prod DTR precedent termine);;Dummy;No;0;No;CTMSRV;DTRDTR_J11TEC_04_Q;root;NOTEXIST;NOTEXIST;408bd
DTR-DECISIONNEL TRAN;DTRDTR_J11TEC_04_Q;DTRDTR_J11TEC_04_FLG01_Q;"September 12, 2026";;;;Wait for Event;DTR : Jalon de fin de la production DTRP01;UDTR_PROD_ENDED;Dummy;No;0;No;CTMSRV;DTRDTR_J11TEC_04_Q;svce_cm;NOTEXIST;NOTEXIST;408bb
DTR-DECISIONNEL TRAN;DTRDTR_J11TEC_04_Q;DTRDTR_J11TEC_04_FLG04_Q;"September 12, 2026";;;;Wait for Event;Jalon de demarrage de la production DTRP01;UDTR_PROD_START_001J;Dummy;No;0;No;CTMSRV;DTRDTR_J11TEC_04_Q;svce_cm;NOTEXIST;NOTEXIST;408bc
DTR-DECISIONNEL TRAN;DTRDTR_K12SVG_03_H;DTRDTR_K12SVG_03_NBU01_H;"September 12, 2026";;;;Wait for Event;Sauvegarde Full NBU du serveur WDKBOBP01;NetbackupRemoteCtm_Full.ksh;Dummy;No;0;No;CTMSRV;DTRDTR_K12SVG_03_H;root;NOTEXIST;NOTEXIST;4088k
DTR-DECISIONNEL TRAN;DTRDTR_K12SVG_03_H;DTRDTR_K12SVG_03_NBU02_H;"September 12, 2026";;;;Wait for Event;Sauvegarde Hebdo NBU du serveur LDKDTRP01;BackupNetbackupNew.ksh;Dummy;No;0;No;CTMSRV;DTRDTR_K12SVG_03_H;root;NOTEXIST;NOTEXIST;4088l
DTR-DECISIONNEL TRAN;DTRDTR_K12SVG_03_H;DTRDTR_K12SVG_03_NBU04_H;"September 12, 2026";;;;Wait for Event;Save NBK hebdo de DTR sur UDKDWP02;BackupNetbackupRemote.ksh;Dummy;No;0;No;CTMSRV;DTRDTR_K12SVG_03_H;root;NOTEXIST;NOTEXIST;4088m
DTR-DECISIONNEL TRAN;DTRHEC_J11INT_05_Q;DTRHEC_J11INT_05_IMP01_Q;"September 12, 2026";;;;Wait for Event;DTR : Lancement du plan d' execution  DTR_HERCULE_REC_PLAN;Lance_Interface_DTR_KDR.ksh;Job;No;0;No;CTMSRV;DTRHEC_J11INT_05_Q;root;M_L_DTR01;M_L_DTR01;407wv
DTR-DECISIONNEL TRAN;DTRHEC_J11INT_05_Q;DTRHEC_J11INT_05_IMP02_Q;"September 12, 2026";;;;Wait for Event;DTR : Lancement du plan d' execution  DTR_HERCULE_REC_COPIE_PLAN;Lance_Interface_DTR_KDR.ksh;Job;No;0;No;CTMSRV;DTRHEC_J11INT_05_Q;root;M_L_DTR01;M_L_DTR01;407ww
DTR-DECISIONNEL TRAN;DTRHEC_J11INT_05_Q;DTRHEC_J11INT_05_IMP03_Q;"September 12, 2026";;;;Wait for Event;DTR : Lancement du plan d' execution  DTR_HERCULE_REC_P2_PLAN;Lance_Interface_DTR_KDR.ksh;Job;No;0;No;CTMSRV;DTRHEC_J11INT_05_Q;root;M_L_DTR01;M_L_DTR01;407wx
DTR-DECISIONNEL TRAN;DTRHEC_J11INT_05_Q;DTRHEC_J11INT_05_IMP04_Q;"September 12, 2026";;;;Wait for Event;DTR : Lancement du plan d' execution  DTR_HERCULE_REC_COPIE_P2_PLAN;Lance_Interface_DTR_KDR.ksh;Job;No;0;No;CTMSRV;DTRHEC_J11INT_05_Q;root;M_L_DTR01;M_L_DTR01;407wy
DTR-DECISIONNEL TRAN;DTRHEC_J11INT_05_Q;DTRHEC_J11INT_05_MOV01_Q;"September 12, 2026";;;;Wait for Event;Deplacer les fichiers du NAS vers DTR;MOVE_GENERIQUE.sh;Job;No;0;No;CTMSRV;DTRHEC_J11INT_05_Q;root;M_L_DTR01;M_L_DTR01;407wu
DTR-DECISIONNEL TRAN;DTRHEC_J11INT_05_Q;DTRHEC_J11INT_05_Q;"September 12, 2026";"September 12, 2026 1:30:09 PM";;;Executing;DTR : Integration des Donnees HEC;;SMART Table;No;1;No;CTMSRV;DTRHEC_J11INT_05_Q;root;;;407wt
DTR-DECISIONNEL TRAN;DTRKDR_J12INT_05_Q;DTRKDR_J12INT_05_IMP01_Q;"September 12, 2026";;;;Wait for Event;DTR : Lancement du plan d' execution  DTR_REFERENTIEL_REC_PLAN;Lance_Interface_DTR_KDR.ksh;Job;No;0;No;CTMSRV;DTRKDR_J12INT_05_Q;root;M_L_DTR01;M_L_DTR01;408za
DTR-DECISIONNEL TRAN;DTRKDR_J12INT_05_Q;DTRKDR_J12INT_05_IMP02_Q;"September 12, 2026";;;;Wait for Event;DTR : Lancement du plan d' execution  DTR_REFERENTIEL_REC_COPIE_PLAN;Lance_Interface_DTR_KDR.ksh;Job;No;0;No;CTMSRV;DTRKDR_J12INT_05_Q;root;M_L_DTR01;M_L_DTR01;408zb
DTR-DECISIONNEL TRAN;DTRKDR_J12INT_05_Q;DTRKDR_J12INT_05_IMP03_Q;"September 12, 2026";;;;Wait for Event;DTR : Lancement du plan d' execution  DTR_REFERENTIEL_REC_P2_PLAN;Lance_Interface_DTR_KDR.ksh;Job;No;0;No;CTMSRV;DTRKDR_J12INT_05_Q;root;M_L_DTR01;M_L_DTR01;408zc
DTR-DECISIONNEL TRAN;DTRKDR_J12INT_05_Q;DTRKDR_J12INT_05_IMP04_Q;"September 12, 2026";;;;Wait for Event;DTR : Lancement du plan d' execution  DTR_REFERENTIEL_REC_COPIE_P2_PLAN;Lance_Interface_DTR_KDR.ksh;Job;No;0;No;CTMSRV;DTRKDR_J12INT_05_Q;root;M_L_DTR01;M_L_DTR01;408zd
DTR-DECISIONNEL TRAN;DTRKDR_J12INT_05_Q;DTRKDR_J12INT_05_MOV01_Q;"September 12, 2026";;;;Wait for Event;Deplacer les fichiers du NAS vers DTR;DTRKDR_J12INT_05_MOV01_Q.ksh;Job;No;0;No;CTMSRV;DTRKDR_J12INT_05_Q;root;M_L_DTR01;M_L_DTR01;408ze
DTR-DECISIONNEL TRAN;DTRKDR_J13INT_05_Q;DTRKDR_J13INT_05_IMP01_Q;"September 12, 2026";;;;Wait for Event;DTR : Lancement du plan d'execution DTR_REFERENTIEL_REC_TRANSCOS_PLAN;Lance_Interface_DTR_KDR.ksh;Job;No;0;No;CTMSRV;DTRKDR_J13INT_05_Q;root;M_L_DTR01;M_L_DTR01;407wg
DTR-DECISIONNEL TRAN;DTRKDR_J13INT_05_Q;DTRKDR_J13INT_05_MOV01_Q;"September 12, 2026";;;;Wait for Event;Deplacer les fichiers du NAS vers DTR;MOVE_GENERIQUE.sh;Job;No;0;No;CTMSRV;DTRKDR_J13INT_05_Q;root;M_L_DTR01;M_L_DTR01;407wf
DTR-DECISIONNEL TRAN;DTRKDR_J14INT_05_Q;DTRKDR_J14INT_05_IMP01_Q;"September 12, 2026";;;;Wait for Event;DTR : Lancement du plan d'exécution DTR_REFERENTIEL_REC_RESSOURCE_PLAN;Lance_Interface_DTR_KDR.ksh;Job;No;0;No;CTMSRV;DTRKDR_J14INT_05_Q;root;M_L_DTR01;M_L_DTR01;408f4
DTR-DECISIONNEL TRAN;DTRKDR_J14INT_05_Q;DTRKDR_J14INT_05_MOV01_Q;"September 12, 2026";;;;Wait for Event;Deplacer les fichiers du NAS vers DTR;DTRKDR_J14INT_05_MOV01_Q.ksh;Job;No;0;No;CTMSRV;DTRKDR_J14INT_05_Q;root;M_L_DTR01;M_L_DTR01;408f3
DTR-DECISIONNEL TRAN;DTRKDR_J15INT_05_Q;DTRKDR_J15INT_05_IMP01_Q;"September 12, 2026";;;;Wait for Event;DTR : Lancement du plan d'exécution DTR_REFERENTIEL_REC_PARTENAIRE_PLAN;Lance_Interface_DTR_KDR.ksh;Job;No;0;No;CTMSRV;DTRKDR_J15INT_05_Q;root;M_L_DTR01;M_L_DTR01;407zj
DTR-DECISIONNEL TRAN;DTRKDR_J15INT_05_Q;DTRKDR_J15INT_05_MOV01_Q;"September 12, 2026";;;;Wait for Event;Deplacer les fichiers du NAS vers DTR;DTRKDR_J15INT_05_MOV01_Q.ksh;Job;No;0;No;CTMSRV;DTRKDR_J15INT_05_Q;root;M_L_DTR01;M_L_DTR01;407zi
DTR-DECISIONNEL TRAN;DTRKDR_J16INT_05_Q;DTRKDR_J16INT_05_IMP01_Q;"September 12, 2026";;;;Wait for Event;DTR : Lancement du plan d'execution DTR_REFERENTIEL_REC_SEE_PLAN;Lance_Interface_DTR_KDR.ksh;Job;No;0;No;CTMSRV;DTRKDR_J16INT_05_Q;root;M_L_DTR01;M_L_DTR01;408hn
DTR-DECISIONNEL TRAN;DTRKDR_J16INT_05_Q;DTRKDR_J16INT_05_IMP02_Q;"September 12, 2026";;;;Wait for Event;DTR : Lancement du plan d'execution DTR_REFERENTIEL_REC_TRANSCOS_SEE_PLAN;Lance_Interface_DTR_KDR.ksh;Job;No;0;No;CTMSRV;DTRKDR_J16INT_05_Q;root;M_L_DTR01;M_L_DTR01;408ho
DTR-DECISIONNEL TRAN;DTRKDR_J16INT_05_Q;DTRKDR_J16INT_05_MOV01_Q;"September 12, 2026";;;;Wait for Event;Deplacer les fichiers zip du NAS vers DTR;DTRKDR_J16INT_05_MOV01_Q.ksh;Job;No;0;No;CTMSRV;DTRKDR_J16INT_05_Q;root;M_L_DTR01;M_L_DTR01;408hm
DTR-DECISIONNEL TRAN;DTRKDR_J16INT_05_Q;DTRKDR_J16INT_05_Q;"September 12, 2026";"September 12, 2026 1:30:09 PM";;;Executing;DTR: Projet DTR_REFERENTIEL;;SMART Table;No;1;No;CTMSRV;DTRKDR_J16INT_05_Q;;;;408hl
DTR-DECISIONNEL TRAN;DTRMDM_J11INT_05_Q;DTRMDM_J11INT_05_FWT04_Q;"September 12, 2026";;;0800;Wait for Event;Scrutation des fichiers MDM;FileWatcher_Mult_Fic.ksh;Job;No;0;Yes;CTMSRV;DTRMDM_J11INT_05_Q;ctmag900;M_L_DTR01;M_L_DTR01;4099d
DTR-DECISIONNEL TRAN;DTRMDM_J11INT_05_Q;DTRMDM_J11INT_05_IMP05_Q;"September 12, 2026";;;;Wait for Event;Plan d'execution transfert Fichier;Lance_Interface_DTR_MDM.ksh;Job;No;0;No;CTMSRV;DTRMDM_J11INT_05_Q;root;M_L_DTR01;M_L_DTR01;4099e
DTR-DECISIONNEL TRAN;DTRMDM_J11INT_05_Q;DTRMDM_J11INT_05_IMP06_Q;"September 12, 2026";;;;Wait for Event;Lancement des plans d'execution SOCLE;Lance_Interface_DTR_MDM.ksh;Job;No;0;No;CTMSRV;DTRMDM_J11INT_05_Q;root;M_L_DTR01;M_L_DTR01;4099f
DTR-DECISIONNEL TRAN;DTRMDM_J11INT_05_Q;DTRMDM_J11INT_05_IMP07_Q;"September 12, 2026";;;;Wait for Event;Lancement des plans d'execution MAIEXP;Lance_Interface_DTR_MDM.ksh;Job;No;0;No;CTMSRV;DTRMDM_J11INT_05_Q;root;M_L_DTR01;M_L_DTR01;4099g
DTR-DECISIONNEL TRAN;DTRMDM_J11INT_05_Q;DTRMDM_J11INT_05_LIM01_Q;"September 12, 2026";;;;Wait for Event;Limite horaire 0h40 du matin;;Dummy;No;0;No;CTMSRV;DTRMDM_J11INT_05_Q;ctmag900;M_L_DTR01;M_L_DTR01;4099h
EAI-EAI;EAIEAI_E11TEC_04_Q;EAIEAI_E11TEC_04_WRK01_Q;"September 12, 2026";;;;Wait for Event;Envoi ODATE vers PFE \\prod.dalkia.org\PFE\APPS\EAI\filesharing\ODATE\ODATE.txt;CreateOdate.bat;Job;No;0;No;CTMSRV;EAIEAI_E11TEC_04_Q;svce_cm;A_W_PFE13;A_W_PFE13;408t3
ETR-ETRM;ETRMEC_J11FLX_07_Q;ETRMEC_J11FLX_07_MOV01_Q;"September 12, 2026";;;;Wait for Event;"PFE : Deplacement des fichiers ""MEC.zip"" depuis PFE vers ETRM";MOV_Generique_DKA.bat;Job;No;0;No;CTMSRV;ETRMEC_J11FLX_07_Q;svce_cm;A_W_ETR24;A_W_ETR24;408lb
ETR-ETRM;ETRMEC_J11FLX_07_Q;ETRMEC_J11FLX_07_Q;"September 12, 2026";"September 12, 2026 1:30:09 PM";;;Executing;PFE : Flux MEC;;SMART Table;No;1;No;CTMSRV;ETRMEC_J11FLX_07_Q;svce_cm;;;408la
FIN-FINANCE;FINEXT_J11INT_05_Q;FINEXT_J11INT_05_LIM01_Q;"September 12, 2026";;;;Wait for Event;FINANCE : Limite horaire notification PFE XEROX;;Dummy;No;0;No;CTMSRV;FINEXT_J11INT_05_Q;opfinbac;M_L_FIN12;M_L_FIN12;4098o
FIN-FINANCE;FINEXT_J11INT_05_Q;FINEXT_J11INT_05_Q;"September 12, 2026";;;2230;Wait for Event;FINANCE : Chargement factures Xerox;;SMART Table;No;0;No;CTMSRV;FINEXT_J11INT_05_Q;opfinbac;;;4098m
FIN-FINANCE;FINEXT_J11INT_05_Q;FINEXT_J11INT_05_WRK02_Q;"September 12, 2026";;;;Wait for Event;XEROX : Intégration factures;;Job;No;0;No;CTMSRV;FINEXT_J11INT_05_Q;EXPLOITATION;M_L_FIN12;M_L_FIN12;4098n
FIN-FINANCE;FINEXT_J12INT_05_Q;FINEXT_J12INT_05_CON01_Q;"September 12, 2026";;;;Wait for Event;FINANCE : Concaténer les fichiers L56VFRTDSPAR*.TR1 dans un fichier ZCI_DAL.csv;CON_Generique_DKA.ksh;Job;No;0;No;CTMSRV;FINEXT_J12INT_05_Q;opfinbac;M_L_FIN12;M_L_FIN12;409bz
FIN-FINANCE;FINEXT_J12INT_05_Q;FINEXT_J12INT_05_CTL01_Q;"September 12, 2026";;;;Wait for Event;FINANCE : Controle de fichiers L56VFRTDSPAR*.TIF;CON_Generique_DKA.ksh;Command;No;0;No;CTMSRV;FINEXT_J12INT_05_Q;opfinbac;M_L_FIN12;M_L_FIN12;409c0
FIN-FINANCE;FINEXT_J12INT_05_Q;FINEXT_J12INT_05_FIN01_Q;"September 12, 2026";;;;Wait for Event;FINANCE : Fin de Chaine TradeShift;;Dummy;No;0;No;CTMSRV;FINEXT_J12INT_05_Q;opfinbac;M_L_FIN12;M_L_FIN12;409c1
FIN-FINANCE;FINEXT_J12INT_05_Q;FINEXT_J12INT_05_IMP01_Q;"September 12, 2026";;;;Wait for Event;TRADESHIFT : Chargement factures;;Job;No;0;No;CTMSRV;FINEXT_J12INT_05_Q;EXPLOITATION;M_L_FIN12;M_L_FIN12;409bx
FIN-FINANCE;FINEXT_J12INT_05_Q;FINEXT_J12INT_05_MOV01_Q;"September 12, 2026";;;2228;Wait for Event;FINANCE : Move du fichier L56VFRTDSPAR__DLK* depuis NAS;MOV_IN_Generique_DKA.ksh;Job;No;0;No;CTMSRV;FINEXT_J12INT_05_Q;opfinbac;M_L_FIN12;M_L_FIN12;409bw
FIN-FINANCE;FINEXT_J12INT_05_Q;FINEXT_J12INT_05_Q;"September 12, 2026";;;2230;Wait for Event;FINANCE : Chargement factures TradeShift;;SMART Table;No;0;No;CTMSRV;FINEXT_J12INT_05_Q;opfinbac;;;409bv
FIN-FINANCE;FINEXT_J12INT_05_Q;FINEXT_J12INT_05_ZIP01_Q;"September 12, 2026";;;;Wait for Event;FINANCE : Decompression du fichier L56VFRTDSPAR__DLK*.zip;DEZIP_Generique_DKA.ksh;Job;No;0;No;CTMSRV;FINEXT_J12INT_05_Q;opfinbac;M_L_FIN12;M_L_FIN12;409by
FIN-FINANCE;FINEXT_J15INT_05_Q;FINEXT_J15INT_05_Q;"September 12, 2026";"September 12, 2026 1:30:09 PM";"September 12, 2026 1:30:11 PM";;Ended OK;FINANCE : Interface d'import des fournisseurs dans Oracle;;SMART Table;No;1;No;CTMSRV;FINEXT_J15INT_05_Q;opfinbac;;;4089f
FIN-FINANCE;FINEXT_J17INT_05_Q;FINEXT_J17INT_05_Q;"September 12, 2026";"September 12, 2026 1:30:09 PM";"September 12, 2026 1:30:11 PM";;Ended OK;FINANCE : Interface d'import des commandes iValua;;SMART Table;No;1;No;CTMSRV;FINEXT_J17INT_05_Q;opfinbac;;;407sw
FIN-FINANCE;FINEXT_J18GEN_06_Q;FINEXT_J18GEN_06_EXP01_Q;"September 12, 2026";;;;Wait for Event;Export des données factures vers iValua;;Job;No;0;No;CTMSRV;FINEXT_J18GEN_06_Q;EXPLOITATION;M_L_FIN12;M_L_FIN12;4091a
FIN-FINANCE;FINEXT_J18GEN_06_Q;FINEXT_J18GEN_06_MOV01_Q;"September 12, 2026";;;;Wait for Event;FINANCE : Move du fichier DSP01_INV_*.CSV vers le NAS;MOV_OUT_Generique_DKA.ksh;Job;No;0;No;CTMSRV;FINEXT_J18GEN_06_Q;opfinbac;M_L_FIN12;M_L_FIN12;4091b
FIN-FINANCE;FINEXT_J18GEN_06_Q;FINEXT_J18GEN_06_MOV02_Q;"September 12, 2026";;;;Wait for Event;FINANCE : Move du fichier DSP01_INV_*.ZIP vers le NAS;MOV_OUT_Generique_DKA.ksh;Job;No;0;No;CTMSRV;FINEXT_J18GEN_06_Q;opfinbac;M_L_FIN12;M_L_FIN12;4091c
FIN-FINANCE;FINEXT_J18GEN_06_Q;FINEXT_J18GEN_06_Q;"September 12, 2026";;;;Wait for Event;FINANCE : Export des données factures vers iValua;;SMART Table;No;0;No;CTMSRV;FINEXT_J18GEN_06_Q;opfinbac;;;40919
FIN-FINANCE;FINEXT_J18INT_05_Q;FINEXT_J18INT_05_Q;"September 12, 2026";"September 12, 2026 1:30:09 PM";"September 12, 2026 1:30:11 PM";;Ended OK;FINANCE : Interface d'import des réceptions;;SMART Table;No;1;No;CTMSRV;FINEXT_J18INT_05_Q;opfinbac;;;408bi
FIN-FINANCE;FINEXT_J19GEN_06_Q;FINEXT_J19GEN_06_EXP01_Q;"September 12, 2026";;;;Wait for Event;Export et envoi vers IVALUA des transferts de commandes à un tiers;;Job;No;0;No;CTMSRV;FINEXT_J19GEN_06_Q;EXPLOITATION;M_L_FIN12;M_L_FIN12;408pz
FIN-FINANCE;FINEXT_J19GEN_06_Q;FINEXT_J19GEN_06_MOV05_Q;"September 12, 2026";;;;Wait for Event;FINANCE : Deplacement des transferts de commandes vers la PFE;MOV_OUT_NoArch.ksh;Job;No;0;No;CTMSRV;FINEXT_J19GEN_06_Q;opfinbac;M_L_FIN12;M_L_FIN12;408q0
FIN-FINANCE;FINEXT_J19INT_05_Q;FINEXT_J19INT_05_Q;"September 12, 2026";"September 12, 2026 1:30:09 PM";"September 12, 2026 1:30:11 PM";;Ended OK;FINANCE : Import des codes de déblocage facture depuis iValua;;SMART Table;No;1;No;CTMSRV;FINEXT_J19INT_05_Q;opfinbac;;;407v6
FIN-FINANCE;FINEXT_J20GEN_06_Q;FINEXT_J20GEN_06_EXP01_Q;"September 12, 2026";;;;Wait for Event;"Export et envoi vers DATALAKE des Entêtes; Lignes et Règlements de factures fournisseurs";;Job;No;0;No;CTMSRV;FINEXT_J20GEN_06_Q;EXPLOITATION;M_L_FIN12;M_L_FIN12;409d2
FIN-FINANCE;FINEXT_J20GEN_06_Q;FINEXT_J20GEN_06_EXP02_Q;"September 12, 2026";;;;Wait for Event;Export et envoi vers DATALAKE des blocages;;Job;No;0;No;CTMSRV;FINEXT_J20GEN_06_Q;EXPLOITATION;M_L_FIN12;M_L_FIN12;409d3
FIN-FINANCE;FINEXT_J20GEN_06_Q;FINEXT_J20GEN_06_MOV01_Q;"September 12, 2026";;;;Wait for Event;FINANCE : Move du fichier DKA_EXP_FACTURE_ENTETE_ddMMYYYY-HHMMss.csv vers le NAS;MOV_OUT_Generique_DKA.ksh;Job;No;0;No;CTMSRV;FINEXT_J20GEN_06_Q;opfinbac;M_L_FIN12;M_L_FIN12;409d5
FIN-FINANCE;FINEXT_J20GEN_06_Q;FINEXT_J20GEN_06_MOV02_Q;"September 12, 2026";;;;Wait for Event;FINANCE : Move du fichier DKA_EXP_FACTURE_LIGNE_ddMMYYYY-HHMMss.csv vers le NAS;MOV_OUT_Generique_DKA.ksh;Job;No;0;No;CTMSRV;FINEXT_J20GEN_06_Q;opfinbac;M_L_FIN12;M_L_FIN12;409d4
FIN-FINANCE;FINEXT_J20GEN_06_Q;FINEXT_J20GEN_06_MOV03_Q;"September 12, 2026";;;;Wait for Event;FINANCE : Move du fichier DKA_EXP_FACTURE_LIGNE_ddMMYYYY-HHMMss.csv vers le NAS;MOV_OUT_Generique_DKA.ksh;Job;No;0;No;CTMSRV;FINEXT_J20GEN_06_Q;opfinbac;M_L_FIN12;M_L_FIN12;409d6
FIN-FINANCE;FINEXT_J20GEN_06_Q;FINEXT_J20GEN_06_MOV04_Q;"September 12, 2026";;;;Wait for Event;FINANCE : Move du fichier DKA_EXP_BLOCAGE_ddMMYYYY-HHMMss.csv vers le NAS;MOV_OUT_Generique_DKA.ksh;Job;No;0;No;CTMSRV;FINEXT_J20GEN_06_Q;opfinbac;M_L_FIN12;M_L_FIN12;409d7
FIN-FINANCE;FINEXT_J20GEN_06_Q;FINEXT_J20GEN_06_Q;"September 12, 2026";;;;Wait for Event;"FINANCE : Export des données fdes Entêtes; Lignes; blocages et Règlements de factures fournisseurs";;SMART Table;No;0;No;CTMSRV;FINEXT_J20GEN_06_Q;opfinbac;;;409d1
FIN-FINANCE;FINEXT_J20INT_05_Q;FINEXT_J20INT_05_IMP01_Q;"September 12, 2026";;;;Wait for Event;IVALUA : Chargement CONTROL_DSP.CSV;;Job;No;0;No;CTMSRV;FINEXT_J20INT_05_Q;EXPLOITATION;M_L_FIN12;M_L_FIN12;40923
FIN-FINANCE;FINEXT_J20INT_05_Q;FINEXT_J20INT_05_IMP02_Q;"September 12, 2026";;;;Wait for Event;IVALUA : Chargement factures PO FLIP;;Job;No;0;No;CTMSRV;FINEXT_J20INT_05_Q;EXPLOITATION;M_L_FIN12;M_L_FIN12;40929
FIN-FINANCE;FINEXT_J20INT_05_Q;FINEXT_J20INT_05_MOV01_Q;"September 12, 2026";;;2220;Wait for Event;FINANCE : Move du fichier DKA.DSP.CONTROL.*.csv depuis la PFE;MOV_IN_Generique_DKA.ksh;Job;No;0;No;CTMSRV;FINEXT_J20INT_05_Q;opfinbac;M_L_FIN12;M_L_FIN12;40921
FIN-FINANCE;FINEXT_J20INT_05_Q;FINEXT_J20INT_05_MOV02_Q;"September 12, 2026";;;;Wait for Event;FINANCE : Move du fichier DKA.DSP.*.TR1 depuis la PFE;MOV_IN_Generique_DKA.ksh;Job;No;0;No;CTMSRV;FINEXT_J20INT_05_Q;opfinbac;M_L_FIN12;M_L_FIN12;40925
FIN-FINANCE;FINEXT_J20INT_05_Q;FINEXT_J20INT_05_MOV03_Q;"September 12, 2026";;;;Wait for Event;FINANCE : Move du fichier DKA.DSP.IMAGE depuis la PFE;MOV_IN_Generique_DKA.ksh;Job;No;0;No;CTMSRV;FINEXT_J20INT_05_Q;opfinbac;M_L_FIN12;M_L_FIN12;40927
FIN-FINANCE;FINEXT_J20INT_05_Q;FINEXT_J20INT_05_Q;"September 12, 2026";;;1114;Wait for Event;IVALUA : Chargement CONTROL_DSP.CSV;;SMART Table;No;0;No;CTMSRV;FINEXT_J20INT_05_Q;;;;40920
FIN-FINANCE;FINEXT_J20INT_05_Q;FINEXT_J20INT_05_WRK01_Q;"September 12, 2026";;;;Wait for Event;IVALUA : Contrôle de flux PO FLIP;;Job;No;0;No;CTMSRV;FINEXT_J20INT_05_Q;EXPLOITATION;M_L_FIN12;M_L_FIN12;40924
FIN-FINANCE;FINEXT_J20INT_05_Q;FINEXT_J20INT_05_ZIP01_Q;"September 12, 2026";;;;Wait for Event;FINANCE : Decompression du fichier DKA.DSP.IMAGE.*.zip;FINEXT_J20INT_05_ZIP01_Q.ksh;Job;No;0;No;CTMSRV;FINEXT_J20INT_05_Q;opfinbac;M_L_FIN12;M_L_FIN12;40928
FIN-FINANCE;FINEXT_J20INT_05_Q;FINEXT_J20NT_05_CON01_Q;"September 12, 2026";;;;Wait for Event;FINANCE : Concatener les fichiers DKA.DSP.CONTROL*.csv en CONTROL_DSP.csv;FINEXT_J20INT_05_CON01_Q.ksh;Job;No;0;No;CTMSRV;FINEXT_J20INT_05_Q;opfinbac;M_L_FIN12;M_L_FIN12;40922
FIN-FINANCE;FINEXT_J20INT_05_Q;FINEXT_J20NT_05_CON02_Q;"September 12, 2026";;;;Wait for Event;FINANCE : Concatener les fichiers DKA.DSP.*.TR1 en DSP_DAL.csv;CON_Generique_DKA.ksh;Job;No;0;No;CTMSRV;FINEXT_J20INT_05_Q;opfinbac;M_L_FIN12;M_L_FIN12;40926
FIN-FINANCE;FINFIN_E11REB_00_M;FINFIN_E11REB_00_M;"September 12, 2026";;;;Wait for Event;Plan de Maintenance des serveurs Linux FINANCE;;SMART Table;No;0;No;CTMSRV;FINFIN_E11REB_00_M;;;;408tg
FIN-FINANCE;FINFIN_E11REB_00_M;FINFIN_E11REB_00_MEL01_M;"September 12, 2026";;;;Wait for Event;FINANCE : Notification Mail DEBUT Plan de Maintenance;Notification_Plan_Maintenance.ksh;Job;No;0;No;CTMSRV;FINFIN_E11REB_00_M;root;SRV_PRIMAIRE;SRV_PRIMAIRE;408u1
FIN-FINANCE;FINFIN_E11REB_00_M;FINFIN_E11REB_01_ARR01_M;"September 12, 2026";;;;Wait for Event;ARRET des CM sur le %%hostname;ebsstopcm.ksh;Job;No;0;No;CTMSRV;FINFIN_E11REB_00_M;opfinbac;A_L_FIN01;A_L_FIN01;408th
FIN-FINANCE;FINFIN_E11REB_00_M;FINFIN_E11REB_02_ARR05_M;"September 12, 2026";;;;Wait for Event;ARRET des OHS sur le %%hostname;ebsstopohs.sh;Job;No;0;No;CTMSRV;FINFIN_E11REB_00_M;opfinbac;A_L_FIN05;A_L_FIN05;408tm
FIN-FINANCE;FINFIN_E11REB_00_M;FINFIN_E11REB_02_ARR06_M;"September 12, 2026";;;;Wait for Event;ARRET des OHS sur le %%hostname;ebsstopohs.sh;Job;No;0;No;CTMSRV;FINFIN_E11REB_00_M;opfinbac;A_L_FIN06;A_L_FIN06;408tr
FIN-FINANCE;FINFIN_E11REB_00_M;FINFIN_E11REB_03_ARR032_M;"September 12, 2026";;;;Wait for Event;ARRET des MS sur le %%hostname;ebsstopms-3.sh;Job;No;0;No;CTMSRV;FINFIN_E11REB_00_M;opfinbac;A_L_FIN03;A_L_FIN03;408ui
FIN-FINANCE;FINFIN_E11REB_00_M;FINFIN_E11REB_03_ARR03_M;"September 12, 2026";;;;Wait for Event;ARRET des MS sur le %%hostname;ebskillfmrweb.ksh;Job;No;0;No;CTMSRV;FINFIN_E11REB_00_M;opfinbac;A_L_FIN03;A_L_FIN03;408tw
FIN-FINANCE;FINFIN_E11REB_00_M;FINFIN_E11REB_03_ARR042_M;"September 12, 2026";;;;Wait for Event;ARRET des MS sur le %%hostname;ebsstopms-4.sh;Job;No;0;No;CTMSRV;FINFIN_E11REB_00_M;opfinbac;A_L_FIN04;A_L_FIN04;408uj
FIN-FINANCE;FINFIN_E11REB_00_M;FINFIN_E11REB_03_ARR04_M;"September 12, 2026";;;;Wait for Event;ARRET des MS sur le %%hostname;ebskillfmrweb.ksh;Job;No;0;No;CTMSRV;FINFIN_E11REB_00_M;opfinbac;A_L_FIN04;A_L_FIN04;408u3
FIN-FINANCE;FINFIN_E11REB_00_M;FINFIN_E11REB_04_ARR01_M;"September 12, 2026";;;;Wait for Event;ARRET des TNS sur le %%hostname;ebsstoptns.ksh;Job;No;0;No;CTMSRV;FINFIN_E11REB_00_M;opfinbac;A_L_FIN01;A_L_FIN01;408uk
FIN-FINANCE;FINFIN_E11REB_00_M;FINFIN_E11REB_04_ARR02_M;"September 12, 2026";;;;Wait for Event;ARRET des TNS sur le %%hostname;ebsstoptns.ksh;Job;No;0;No;CTMSRV;FINFIN_E11REB_00_M;opfinbac;A_L_FIN02;A_L_FIN02;408u4
FIN-FINANCE;FINFIN_E11REB_00_M;FINFIN_E11REB_04_ARR03_M;"September 12, 2026";;;;Wait for Event;ARRET des TNS sur le %%hostname;ebsstoptns.ksh;Job;No;0;No;CTMSRV;FINFIN_E11REB_00_M;opfinbac;A_L_FIN03;A_L_FIN03;408ul
FIN-FINANCE;FINFIN_E11REB_00_M;FINFIN_E11REB_04_ARR04_M;"September 12, 2026";;;;Wait for Event;ARRET des TNS sur le %%hostname;ebsstoptns.ksh;Job;No;0;No;CTMSRV;FINFIN_E11REB_00_M;opfinbac;A_L_FIN04;A_L_FIN04;408um
FIN-FINANCE;FINFIN_E11REB_00_M;FINFIN_E11REB_04_ARR05_M;"September 12, 2026";;;;Wait for Event;ARRET du WLS sur le %%hostname;ebsstopwls.ksh;Job;No;0;No;CTMSRV;FINFIN_E11REB_00_M;opfinbac;A_L_FIN01;A_L_FIN01;408un
FIN-FINANCE;FINFIN_E11REB_00_M;FINFIN_E11REB_05_ARR01_M;"September 12, 2026";;;;Wait for Event;KILL APPS le %%hostname;ebskillapps.ksh;Job;No;0;No;CTMSRV;FINFIN_E11REB_00_M;opfinbac;A_L_FIN01;A_L_FIN01;408u5
FIN-FINANCE;FINFIN_E11REB_00_M;FINFIN_E11REB_061_REB01_M;"September 12, 2026";;;;Wait for Event;Reboot machine %%hostname (seveur 19);REBOOT_LDKFINx19;Command;No;0;No;CTMSRV;FINFIN_E11REB_00_M;root;A_L_FIN19;A_L_FIN19;408uo
FIN-FINANCE;FINFIN_E11REB_00_M;FINFIN_E11REB_062_WAI01_M;"September 12, 2026";;;;Wait for Event;SLEEP avant test machine %%hostname (serveur Linux 19);SLEEP_REBOOT_LINUX-19;Command;No;0;No;CTMSRV;FINFIN_E11REB_00_M;root;SRV_PRIMAIRE;SRV_PRIMAIRE;408up
FIN-FINANCE;FINFIN_E11REB_00_M;FINFIN_E11REB_063_CTL01_M;"September 12, 2026";;;;Wait for Event;TEST démarrage machine %%hostname  (serveur Linux 19);TEST_REBOOT_LINUX-19;Command;No;0;No;CTMSRV;FINFIN_E11REB_00_M;root;A_L_FIN19;A_L_FIN19;408uq
FIN-FINANCE;FINFIN_E11REB_00_M;FINFIN_E11REB_06_REB01_M;"September 12, 2026";;;;Wait for Event;Reboot machine %%hostname (seveur 01);REBOOT_LDKFINx01;Command;No;0;No;CTMSRV;FINFIN_E11REB_00_M;root;A_L_FIN01;A_L_FIN01;408ti
FIN-FINANCE;FINFIN_E11REB_00_M;FINFIN_E11REB_06_REB02_M;"September 12, 2026";;;;Wait for Event;Reboot machine %%hostname (seveur 02);REBOOT_LDKFINx02;Command;No;0;No;CTMSRV;FINFIN_E11REB_00_M;root;A_L_FIN02;A_L_FIN02;408tn
FIN-FINANCE;FINFIN_E11REB_00_M;FINFIN_E11REB_06_REB03_M;"September 12, 2026";;;;Wait for Event;Reboot machine %%hostname (seveur 03);REBOOT_LDKFINx03;Command;No;0;No;CTMSRV;FINFIN_E11REB_00_M;root;A_L_FIN03;A_L_FIN03;408ts
FIN-FINANCE;FINFIN_E11REB_00_M;FINFIN_E11REB_06_REB04_M;"September 12, 2026";;;;Wait for Event;Reboot machine %%hostname (seveur 04);REBOOT_LDKFINx04;Command;No;0;No;CTMSRV;FINFIN_E11REB_00_M;root;A_L_FIN04;A_L_FIN04;408tx
FIN-FINANCE;FINFIN_E11REB_00_M;FINFIN_E11REB_06_REB05_M;"September 12, 2026";;;;Wait for Event;Reboot machine %%hostname (seveur 05);REBOOT_LDKFINx05;Command;No;0;No;CTMSRV;FINFIN_E11REB_00_M;root;A_L_FIN05;A_L_FIN05;408u6
FIN-FINANCE;FINFIN_E11REB_00_M;FINFIN_E11REB_06_REB06_M;"September 12, 2026";;;;Wait for Event;Reboot machine %%hostname (seveur 06);REBOOT_LDKFINx06;Command;No;0;No;CTMSRV;FINFIN_E11REB_00_M;root;A_L_FIN06;A_L_FIN06;408u9
FIN-FINANCE;FINFIN_E11REB_00_M;FINFIN_E11REB_07_WAI01_M;"September 12, 2026";;;;Wait for Event;SLEEP avant test machine %%hostname (serveur Linux 01);SLEEP_REBOOT_LINUX-01;Command;No;0;No;CTMSRV;FINFIN_E11REB_00_M;root;SRV_PRIMAIRE;SRV_PRIMAIRE;408tj
FIN-FINANCE;FINFIN_E11REB_00_M;FINFIN_E11REB_07_WAI02_M;"September 12, 2026";;;;Wait for Event;SLEEP avant test machine %%hostname (serveur Linux 02);SLEEP_REBOOT_LINUX-02;Command;No;0;No;CTMSRV;FINFIN_E11REB_00_M;root;SRV_PRIMAIRE;SRV_PRIMAIRE;408to
FIN-FINANCE;FINFIN_E11REB_00_M;FINFIN_E11REB_07_WAI03_M;"September 12, 2026";;;;Wait for Event;SLEEP avant test machine %%hostname (serveur Linux 03);SLEEP_REBOOT_LINUX-03;Command;No;0;No;CTMSRV;FINFIN_E11REB_00_M;root;SRV_PRIMAIRE;SRV_PRIMAIRE;408tt
FIN-FINANCE;FINFIN_E11REB_00_M;FINFIN_E11REB_07_WAI04_M;"September 12, 2026";;;;Wait for Event;SLEEP avant test machine %%hostname (serveur Linux 04);SLEEP_REBOOT_LINUX-04;Command;No;0;No;CTMSRV;FINFIN_E11REB_00_M;root;SRV_PRIMAIRE;SRV_PRIMAIRE;408ty
FIN-FINANCE;FINFIN_E11REB_00_M;FINFIN_E11REB_07_WAI05_M;"September 12, 2026";;;;Wait for Event;SLEEP avant test machine %%hostname (serveur Linux 05);SLEEP_REBOOT_LINUX-05;Command;No;0;No;CTMSRV;FINFIN_E11REB_00_M;root;SRV_PRIMAIRE;SRV_PRIMAIRE;408u7
FIN-FINANCE;FINFIN_E11REB_00_M;FINFIN_E11REB_07_WAI06_M;"September 12, 2026";;;;Wait for Event;SLEEP avant test machine %%hostname (serveur Linux 06);SLEEP_REBOOT_LINUX-05;Command;No;0;No;CTMSRV;FINFIN_E11REB_00_M;root;SRV_PRIMAIRE;SRV_PRIMAIRE;408ua
FIN-FINANCE;FINFIN_E11REB_00_M;FINFIN_E11REB_08_CTL01_M;"September 12, 2026";;;;Wait for Event;TEST démarrage machine %%hostname  (serveur Linux 01);TEST_REBOOT_LINUX-01;Command;No;0;No;CTMSRV;FINFIN_E11REB_00_M;root;A_L_FIN01;A_L_FIN01;408tk
FIN-FINANCE;FINFIN_E11REB_00_M;FINFIN_E11REB_08_CTL02_M;"September 12, 2026";;;;Wait for Event;TEST démarrage machine %%hostname  (serveur Linux 02);TEST_REBOOT_LINUX-02;Command;No;0;No;CTMSRV;FINFIN_E11REB_00_M;root;A_L_FIN02;A_L_FIN02;408tp
FIN-FINANCE;FINFIN_E11REB_00_M;FINFIN_E11REB_08_CTL03_M;"September 12, 2026";;;;Wait for Event;TEST démarrage machine %%hostname  (serveur Linux 03);TEST_REBOOT_LINUX-03;Command;No;0;No;CTMSRV;FINFIN_E11REB_00_M;root;A_L_FIN03;A_L_FIN03;408tu
FIN-FINANCE;FINFIN_E11REB_00_M;FINFIN_E11REB_08_CTL04_M;"September 12, 2026";;;;Wait for Event;TEST démarrage machine %%hostname  (serveur Linux 04);TEST_REBOOT_LINUX-04;Command;No;0;No;CTMSRV;FINFIN_E11REB_00_M;root;A_L_FIN04;A_L_FIN04;408tz
FIN-FINANCE;FINFIN_E11REB_00_M;FINFIN_E11REB_08_CTL05_M;"September 12, 2026";;;;Wait for Event;TEST démarrage machine %%hostname  (serveur Linux 05);TEST_REBOOT_LINUX-05;Command;No;0;No;CTMSRV;FINFIN_E11REB_00_M;root;A_L_FIN05;A_L_FIN05;408u8
FIN-FINANCE;FINFIN_E11REB_00_M;FINFIN_E11REB_08_CTL06_M;"September 12, 2026";;;;Wait for Event;TEST démarrage machine %%hostname  (serveur Linux 06);TEST_REBOOT_LINUX-06;Command;No;0;No;CTMSRV;FINFIN_E11REB_00_M;root;A_L_FIN06;A_L_FIN06;408ub
FIN-FINANCE;FINFIN_E11REB_00_M;FINFIN_E11REB_09_DEM01_M;"September 12, 2026";;;;Wait for Event;DEMMARAGE  TNS  sur le %%hostname (serveur 01);ebsstarttns.ksh;Job;No;0;No;CTMSRV;FINFIN_E11REB_00_M;opfinbac;A_L_FIN01;A_L_FIN01;408tl
FIN-FINANCE;FINFIN_E11REB_00_M;FINFIN_E11REB_09_DEM02_M;"September 12, 2026";;;;Wait for Event;DEMMARAGE  TNS  sur le %%hostname (serveur 02);ebsstarttns.ksh;Job;No;0;No;CTMSRV;FINFIN_E11REB_00_M;opfinbac;A_L_FIN02;A_L_FIN02;408tq
FIN-FINANCE;FINFIN_E11REB_00_M;FINFIN_E11REB_09_DEM03_M;"September 12, 2026";;;;Wait for Event;DEMMARAGE  TNS  sur le %%hostname (serveur 03);ebsstarttns.ksh;Job;No;0;No;CTMSRV;FINFIN_E11REB_00_M;opfinbac;A_L_FIN03;A_L_FIN03;408tv
FIN-FINANCE;FINFIN_E11REB_00_M;FINFIN_E11REB_09_DEM04_M;"September 12, 2026";;;;Wait for Event;DEMMARAGE  TNS  sur le %%hostname (serveur 04);ebsstarttns.ksh;Job;No;0;No;CTMSRV;FINFIN_E11REB_00_M;opfinbac;A_L_FIN04;A_L_FIN04;408u0
FIN-FINANCE;FINFIN_E11REB_00_M;FINFIN_E11REB_10_DEM01_M;"September 12, 2026";;;;Wait for Event;DEMMARAGE  CM  sur le %%hostname (serveur 01);ebsstartcm.ksh;Job;No;0;No;CTMSRV;FINFIN_E11REB_00_M;opfinbac;A_L_FIN01;A_L_FIN01;408uc
FIN-FINANCE;FINFIN_E11REB_00_M;FINFIN_E11REB_11_DEM01_M;"September 12, 2026";;;;Wait for Event;DEMMARAGE  WLS  sur le %%hostname (serveur 01);ebsstartwls.ksh;Job;No;0;No;CTMSRV;FINFIN_E11REB_00_M;opfinbac;A_L_FIN01;A_L_FIN01;408ud
FIN-FINANCE;FINFIN_E11REB_00_M;FINFIN_E11REB_12_DEM03_M;"September 12, 2026";;;;Wait for Event;DEMMARAGE  MS  sur le %%hostname (serveur 03);ebsstartms-3.sh;Job;No;0;No;CTMSRV;FINFIN_E11REB_00_M;opfinbac;A_L_FIN03;A_L_FIN03;408ue
FIN-FINANCE;FINFIN_E11REB_00_M;FINFIN_E11REB_13_DEM04_M;"September 12, 2026";;;;Wait for Event;DEMMARAGE  MS  sur le %%hostname (serveur 04);ebsstartms-4.sh;Job;No;0;No;CTMSRV;FINFIN_E11REB_00_M;opfinbac;A_L_FIN04;A_L_FIN04;408uf
FIN-FINANCE;FINFIN_E11REB_00_M;FINFIN_E11REB_14_DEM05_M;"September 12, 2026";;;;Wait for Event;DEMMARAGE  OHS  sur le %%hostname (serveur 05);ebsstartohs.sh;Job;No;0;No;CTMSRV;FINFIN_E11REB_00_M;opfinbac;A_L_FIN05;A_L_FIN05;408ug
FIN-FINANCE;FINFIN_E11REB_00_M;FINFIN_E11REB_14_DEM06_M;"September 12, 2026";;;;Wait for Event;DEMMARAGE  OHS  sur le %%hostname (serveur 06);ebsstartohs.sh;Job;No;0;No;CTMSRV;FINFIN_E11REB_00_M;opfinbac;A_L_FIN06;A_L_FIN06;408uh
FIN-FINANCE;FINFIN_E11REB_00_M;FINFIN_E11REB_15_MEL02_M;"September 12, 2026";;;;Wait for Event;FINANCE : Notification Mail FIN Plan de Maintenance;Notification_Plan_Maintenance.ksh;Job;No;0;No;CTMSRV;FINFIN_E11REB_00_M;root;SRV_PRIMAIRE;SRV_PRIMAIRE;408u2
FIN-FINANCE;FINFIN_E11STP_01_Q;FINFIN_E11STP_01_ARR01_Q;"September 12, 2026";;;;Wait for Event;Fermeture TP R12 - Stop OHS no 1;ebsstop.ksh;Job;No;0;No;CTMSRV;FINFIN_E11STP_01_Q;opfinbac;A_L_FIN06;A_L_FIN06;4095s
FIN-FINANCE;FINFIN_E11STP_01_Q;FINFIN_E11STP_01_ARR02_Q;"September 12, 2026";;;;Wait for Event;Fermeture TP R12 - Stop OHS no 2;ebsstop.ksh;Job;No;0;No;CTMSRV;FINFIN_E11STP_01_Q;opfinbac;A_L_FIN05;A_L_FIN05;4095u
FIN-FINANCE;FINFIN_E11STP_01_Q;FINFIN_E11STP_01_ARR03_Q;"September 12, 2026";;;;Wait for Event;ARRET des MS sur le %%hostname;ebskillfmrweb.ksh;Job;No;0;No;CTMSRV;FINFIN_E11STP_01_Q;opfinbac;A_L_FIN03;A_L_FIN03;4095v
FIN-FINANCE;FINFIN_E11STP_01_Q;FINFIN_E11STP_01_ARR04_Q;"September 12, 2026";;;;Wait for Event;ARRET des MS sur le %%hostname;ebskillfmrweb.ksh;Job;No;0;No;CTMSRV;FINFIN_E11STP_01_Q;opfinbac;A_L_FIN04;A_L_FIN04;4095w
FIN-FINANCE;FINFIN_E11STP_01_Q;FINFIN_E11STP_01_ATP01_Q;"September 12, 2026";;;;Wait for Event;Fermeture TP R12 - Lock USERS;LOCK_USERS.ksh;Dummy;No;0;No;CTMSRV;FINFIN_E11STP_01_Q;opfinbac;NOTEXIST;NOTEXIST;4095t
FIN-FINANCE;FINFIN_E11STP_01_Q;FINFIN_E11STP_01_Q;"September 12, 2026";;;;Wait for Event;FINANCE : Fermeture TP OracleR12;;SMART Table;No;0;No;CTMSRV;FINFIN_E11STP_01_Q;opfinbac;;;4095q
FIN-FINANCE;FINFIN_E11STP_01_Q;FINFIN_E11STP_01_WRK01_Q;"September 12, 2026";;;;Wait for Event;Fermeture TP R12 - Flag TP;;Job;No;0;No;CTMSRV;FINFIN_E11STP_01_Q;EXPLOITATION;M_L_FIN12;M_L_FIN12;4095r
FIN-FINANCE;FINFIN_E11STR_02_Q;FINFIN_E11STR_02_Q;"September 12, 2026";;;;Wait for Event;FINANCE : Ouverture TP OracleR12;;SMART Table;No;0;No;CTMSRV;FINFIN_E11STR_02_Q;opfinbac;;;408dq
FIN-FINANCE;FINFIN_E12STR_02_Q;FINFIN_E12STR_02_DEM01_Q;"September 12, 2026";;;;Wait for Event;Ouverture TP R12 - Start OHS no 1;ebsstart.ksh;Job;No;0;No;CTMSRV;FINFIN_E12STR_02_Q;opfinbac;A_L_FIN06;A_L_FIN06;408rr
FIN-FINANCE;FINFIN_E12STR_02_Q;FINFIN_E12STR_02_DEM02_Q;"September 12, 2026";;;;Wait for Event;Ouverture TP R12 - Start OHS no 2;ebsstart.ksh;Job;No;0;No;CTMSRV;FINFIN_E12STR_02_Q;opfinbac;A_L_FIN05;A_L_FIN05;408rq
FIN-FINANCE;FINFIN_E12STR_02_Q;FINFIN_E12STR_02_Q;"September 12, 2026";;;;Wait for Event;FINANCE : Ouverture TP OracleR12;;SMART Table;No;0;No;CTMSRV;FINFIN_E12STR_02_Q;opfinfrt;;;408rp
FIN-FINANCE;FINFIN_J11TEC_04_DEB01_Q;FINFIN_J11TEC_04_DEB01_Q;"September 12, 2026";;;;Wait for Event;FINANCE : Jalon Debut Finance;;SMART Table;No;0;No;CTMSRV;FINFIN_J11TEC_04_DEB01_Q;opfinbac;;;4092i
FIN-FINANCE;FINFIN_J11TEC_04_DEB02_Q;FINFIN_J11TEC_04_DEB02_Q;"September 12, 2026";;;;Wait for Event;FINANCE : Jalon Debut Confirmation des règlements pour prélèvements;;SMART Table;No;0;No;CTMSRV;FINFIN_J11TEC_04_DEB02_Q;opfinbac;;;4088b
FIN-FINANCE;FINFIN_J11TEC_04_FCL01_Q;FINFIN_J11TEC_04_FCL01_Q;"September 12, 2026";;;;Wait for Event;FINANCE : Jalon fin Cloture;;SMART Table;No;0;No;CTMSRV;FINFIN_J11TEC_04_FCL01_Q;opfinbac;;;40813
FIN-FINANCE;FINFIN_J11TEC_04_FIN01_Q;FINFIN_J11TEC_04_FIN01_Q;"September 12, 2026";;;;Wait for Event;FINANCE : Jalon fin Finance;;SMART Table;No;0;No;CTMSRV;FINFIN_J11TEC_04_FIN01_Q;opfinbac;;;407rr
FIN-FINANCE;FINFIN_J11TEC_04_FJA01_Q;FINFIN_J11TEC_04_FJA01_Q;"September 12, 2026";;;;Wait for Event;FINANCE : Debut des campagnes de reglements ();;SMART Table;No;0;No;CTMSRV;FINFIN_J11TEC_04_FJA01_Q;opfinbac;;;408hc
FIN-FINANCE;FINFIN_J11TEC_04_FJA02_Q;FINFIN_J11TEC_04_FJA02_Q;"September 12, 2026";;;;Wait for Event;FINANCE : Jalon campagnes de reglements (Bloc 1);;SMART Table;No;0;No;CTMSRV;FINFIN_J11TEC_04_FJA02_Q;opfinbac;;;408ya
FIN-FINANCE;FINFIN_J11TEC_04_FJA03_Q;FINFIN_J11TEC_04_FJA03_Q;"September 12, 2026";;;;Wait for Event;FINANCE : Jalon campagnes de reglements (Bloc 2);;SMART Table;No;0;No;CTMSRV;FINFIN_J11TEC_04_FJA03_Q;opfinbac;;;4095l
FIN-FINANCE;FINFIN_J11TEC_04_FJA04_Q;FINFIN_J11TEC_04_FJA04_Q;"September 12, 2026";;;;Wait for Event;FINANCE : Jalon Campagnes de reglements (Bloc 3);;SMART Table;No;0;No;CTMSRV;FINFIN_J11TEC_04_FJA04_Q;opfinbac;;;4084z
FIN-FINANCE;FINFIN_J11TEC_04_FJA05_Q;FINFIN_J11TEC_04_FJA05_Q;"September 12, 2026";;;;Wait for Event;FINANCE : Jalon Campagnes de reglements (Bloc 4);;SMART Table;No;0;No;CTMSRV;FINFIN_J11TEC_04_FJA05_Q;opfinbac;;;407n4
FIN-FINANCE;FINFIN_J11TEC_04_FJA06_Q;FINFIN_J11TEC_04_FJA06_Q;"September 12, 2026";;;;Wait for Event;FINANCE : Fin des campagnes de reglements;;SMART Table;No;0;No;CTMSRV;FINFIN_J11TEC_04_FJA06_Q;opfinbac;;;408kr
FIN-FINANCE;FINFIN_J11TEC_04_FJO01_Q;FINFIN_J11TEC_04_FJO01_Q;"September 12, 2026";;;;Wait for Event;FINANCE : Jalon fin Journaliere;;SMART Table;No;0;No;CTMSRV;FINFIN_J11TEC_04_FJO01_Q;opfinbac;;;408ki
FIN-FINANCE;FINFIN_J11TEC_04_FPE01_Q;FINFIN_J11TEC_04_FPE01_Q;"September 12, 2026";;;;Wait for Event;FINANCE : Jalon fin des Periodique;;SMART Table;No;0;No;CTMSRV;FINFIN_J11TEC_04_FPE01_Q;opfinbac;;;408g0
FIN-FINANCE;FINFIN_J11TEC_04_FRE01_Q;FINFIN_J11TEC_04_FRE01_Q;"September 12, 2026";;;;Wait for Event;FINANCE : Jalon fin Referentiel;;SMART Table;No;0;No;CTMSRV;FINFIN_J11TEC_04_FRE01_Q;opfinbac;;;40893
FIN-FINANCE;FINFIN_J11TRT_04_H;FINFIN_J11TRT_04_H;"September 12, 2026";;;;Wait for Event;FINANCE : Prise en compte GL Hebdomadaire -- Samedi;;SMART Table;No;0;No;CTMSRV;FINFIN_J11TRT_04_H;opfinbac;;;40818
FIN-FINANCE;FINFIN_J11TRT_04_H;FINFIN_J11TRT_04_WRK01_H;"September 12, 2026";;;;Wait for Event;FINANCE : Prise en compte GL Hebdomadaire -- Samedi;;Job;No;0;No;CTMSRV;FINFIN_J11TRT_04_H;EXPLOITATION;M_L_FIN12;M_L_FIN12;40819
FIN-FINANCE;FINFIN_J12TEC_04_Q;FINFIN_J12TEC_04_PUR01_Q;"September 12, 2026";"September 12, 2026 4:00:00 PM";"September 12, 2026 4:00:02 PM";;Ended OK;"Archivage des repertoires IN; OUT et OUT_SEPA";FINFIN_J12TEC_04_PUR01_Q.ksh;Job;No;1;No;CTMSRV;FINFIN_J12TEC_04_Q;opfinbac;ldkfinp01;M_L_FIN12;408bw
FIN-FINANCE;FINFIN_J12TEC_04_Q;FINFIN_J12TEC_04_PUR02_Q;"September 12, 2026";;;;Wait for Event;"Archivage des repertoires IN; OUT et OUT_SEPA";FINFIN_J12TEC_04_PUR01_Q.ksh;Job;No;0;No;CTMSRV;FINFIN_J12TEC_04_Q;opfinbac;M_L_FIN12;M_L_FIN12;408bx
FIN-FINANCE;FINFIN_J12TEC_04_Q;FINFIN_J12TEC_04_Q;"September 12, 2026";"September 12, 2026 1:30:09 PM";;;Executing;"FINANCE : Archivage des repertoires IN; OUT et OUT_SEPA";;SMART Table;No;1;No;CTMSRV;FINFIN_J12TEC_04_Q;root;;;408bv
FIN-FINANCE;FINFIN_J12TRT_04_H;FINFIN_J12TRT_04_H;"September 12, 2026";;;;Wait for Event;FINANCE : Lettrage automatique GL -- Samedi;;SMART Table;No;0;No;CTMSRV;FINFIN_J12TRT_04_H;opfinbac;;;407kb
FIN-FINANCE;FINFIN_J12TRT_04_H;FINFIN_J12TRT_04_WRK01_H;"September 12, 2026";;;;Wait for Event;FINANCE : Lettrage automatique GL -- Samedi;;Job;No;0;No;CTMSRV;FINFIN_J12TRT_04_H;EXPLOITATION;M_L_FIN12;M_L_FIN12;407kc
FIN-FINANCE;FINFIN_J12TRT_04_Q;FINFIN_J12TRT_04_Q;"September 12, 2026";;;;Wait for Event;FINANCE : Prise en compte GL/AP/AR du jour;;SMART Table;No;0;No;CTMSRV;FINFIN_J12TRT_04_Q;opfinbac;;;407dt
FIN-FINANCE;FINFIN_J12TRT_04_Q;FINFIN_J12TRT_04_WRK02_Q;"September 12, 2026";;;;Wait for Event;Prise en compte AP du jour;;Job;No;0;No;CTMSRV;FINFIN_J12TRT_04_Q;EXPLOITATION;M_L_FIN12;M_L_FIN12;407du
FIN-FINANCE;FINFIN_J12TRT_04_Q;FINFIN_J12TRT_04_WRK04_Q;"September 12, 2026";;;;Wait for Event;Prise en compte AR du jour;;Job;No;0;No;CTMSRV;FINFIN_J12TRT_04_Q;EXPLOITATION;M_L_FIN12;M_L_FIN12;407dv
FIN-FINANCE;FINFIN_J12TRT_04_Q;FINFIN_J12TRT_04_WRK05_Q;"September 12, 2026";;;;Wait for Event;Prise en compte AR du jour;;Job;No;0;No;CTMSRV;FINFIN_J12TRT_04_Q;EXPLOITATION;M_L_FIN12;M_L_FIN12;407dw
FIN-FINANCE;FINFIN_J13TRT_04_Q;FINFIN_J13TRT_04_Q;"September 12, 2026";;;;Wait for Event;FINANCE : Workflow validation factures;;SMART Table;No;0;No;CTMSRV;FINFIN_J13TRT_04_Q;opfinbac;;;407fb
FIN-FINANCE;FINFIN_J13TRT_04_Q;FINFIN_J13TRT_04_WRK01_Q;"September 12, 2026";;;;Wait for Event;FINANCE : Workflow validation factures;;Job;No;0;No;CTMSRV;FINFIN_J13TRT_04_Q;EXPLOITATION;M_L_FIN12;M_L_FIN12;407fc
FIN-FINANCE;FINFIN_J13TRT_04_Q;FINFIN_J13TRT_04_WRK02_Q;"September 12, 2026";;;;Wait for Event;FINANCE : Approbation auto des notifications;;Job;No;0;No;CTMSRV;FINFIN_J13TRT_04_Q;EXPLOITATION;M_L_FIN12;M_L_FIN12;407fd
FIN-FINANCE;FINFIN_J13TRT_04_Q;FINFIN_J13TRT_04_WRK03_Q;"September 12, 2026";;;;Wait for Event;FINANCE : Workflow en arriere plan DKACSP;;Job;No;0;No;CTMSRV;FINFIN_J13TRT_04_Q;EXPLOITATION;M_L_FIN12;M_L_FIN12;407fe
FIN-FINANCE;FINFIN_J13TRT_04_Q;FINFIN_J13TRT_04_WRK04_Q;"September 12, 2026";;;;Wait for Event;FINANCE : Reporting des mvts sans image;;Job;No;0;No;CTMSRV;FINFIN_J13TRT_04_Q;EXPLOITATION;M_L_FIN12;M_L_FIN12;407ff
FIN-FINANCE;FINFIN_J13TRT_04_Q;FINFIN_J13TRT_04_WRK05_Q;"September 12, 2026";;;;Wait for Event;FINANCE : Suivi des notifications ouvertes;;Dummy;No;0;No;CTMSRV;FINFIN_J13TRT_04_Q;EXPLOITATION;M_L_FIN12;M_L_FIN12;407fg
FIN-FINANCE;FINFIN_J13TRT_04_Q;FINFIN_J13TRT_04_WRK06_Q;"September 12, 2026";;;;Wait for Event;FINANCE : Purge des workflow obsoletes;;Job;No;0;No;CTMSRV;FINFIN_J13TRT_04_Q;EXPLOITATION;M_L_FIN12;M_L_FIN12;407fh
FIN-FINANCE;FINFIN_J13TRT_04_Q;FINFIN_J13TRT_04_WRK08_Q;"September 12, 2026";;;;Wait for Event;FINANCE : Annulation des notifications obsoletes CSP;;Job;No;0;No;CTMSRV;FINFIN_J13TRT_04_Q;EXPLOITATION;M_L_FIN12;M_L_FIN12;407fi
FIN-FINANCE;FINFIN_J22TRT_04_Q;FINFIN_J22TRT_04_Q;"September 12, 2026";"September 12, 2026 1:30:09 PM";"September 12, 2026 1:30:11 PM";;Ended OK;FINANCE : Duplication des sites fournisseurs;;SMART Table;No;1;No;CTMSRV;FINFIN_J22TRT_04_Q;opfinbac;;;40858
FIN-FINANCE;FINFIN_J23TRT_04_H;FINFIN_J23TRT_04_WRK01_H;"September 12, 2026";;;;Wait for Event;lettrage a ZERO dans le module AR;;Job;No;0;No;CTMSRV;FINFIN_J23TRT_04_H;EXPLOITATION;M_L_FIN12;M_L_FIN12;408pc
FIN-FINANCE;FINFIN_J23TRT_06_Q;FINFIN_J23TRT_06_CTL01_Q;"September 12, 2026";;;;Wait for Event;REFERENTIEL: Extraction SQL MOA - AP;;Job;No;0;No;CTMSRV;FINFIN_J23TRT_06_Q;EXPLOITATION;M_L_FIN12;M_L_FIN12;408vu
FIN-FINANCE;FINFIN_J23TRT_06_Q;FINFIN_J23TRT_06_CTL02_Q;"September 12, 2026";;;;Wait for Event;REFERENTIEL: Extraction SQL MOA - AR;;Job;No;0;No;CTMSRV;FINFIN_J23TRT_06_Q;EXPLOITATION;M_L_FIN12;M_L_FIN12;408vv
FIN-FINANCE;FINFIN_J23TRT_06_Q;FINFIN_J23TRT_06_CTL03_Q;"September 12, 2026";;;;Wait for Event;REFERENTIEL: Extraction SQL MOA - GL;;Job;No;0;No;CTMSRV;FINFIN_J23TRT_06_Q;EXPLOITATION;M_L_FIN12;M_L_FIN12;408vw
FIN-FINANCE;FINFIN_J23TRT_06_Q;FINFIN_J23TRT_06_CTL04_Q;"September 12, 2026";;;;Wait for Event;REFERENTIEL: Extraction SQL MOA - CSP;;Job;No;0;No;CTMSRV;FINFIN_J23TRT_06_Q;EXPLOITATION;M_L_FIN12;M_L_FIN12;408vx
FIN-FINANCE;FINFIN_J23TRT_06_Q;FINFIN_J23TRT_06_Q;"September 12, 2026";"September 12, 2026 1:30:09 PM";;;Executing;REFERENTIEL : Extraction SQL MOA;;SMART Table;No;1;No;CTMSRV;FINFIN_J23TRT_06_Q;opfinbac;;;408vt
FIN-FINANCE;FINFIN_J33TRT_04_Q;FINFIN_J33TRT_04_Q;"September 12, 2026";"September 12, 2026 1:30:09 PM";"September 12, 2026 4:37:43 PM";;Ended OK;;;SMART Table;No;1;No;CTMSRV;FINFIN_J33TRT_04_Q;;ldkctmp50;;4098t
FIN-FINANCE;FINFIN_J33TRT_04_Q;FINFIN_J33TRT_04_WRK01_Q;"September 12, 2026";"September 12, 2026 4:00:00 PM";"September 12, 2026 4:01:54 PM";;Ended OK;"Collecter les statistiques de la table AP; AP_INVOICES_INTERFACE";;Job;No;1;No;CTMSRV;FINFIN_J33TRT_04_Q;EXPLOITATION;ldkfinp11;M_L_FIN12;4098u
FIN-FINANCE;FINFIN_J33TRT_04_Q;FINFIN_J33TRT_04_WRK02_Q;"September 12, 2026";"September 12, 2026 4:00:00 PM";"September 12, 2026 4:02:42 PM";;Ended OK;"Collecter les statistiques de la table AP; AP_INVOICES_ALL";;Job;No;1;No;CTMSRV;FINFIN_J33TRT_04_Q;EXPLOITATION;ldkfinp01;M_L_FIN12;4098v
FIN-FINANCE;FINFIN_J33TRT_04_Q;FINFIN_J33TRT_04_WRK03_Q;"September 12, 2026";"September 12, 2026 4:30:00 PM";"September 12, 2026 4:37:42 PM";;Ended OK;Collecter les statistiques du schéma  APPLSYS;;Job;No;1;No;CTMSRV;FINFIN_J33TRT_04_Q;EXPLOITATION;ldkfinp11;M_L_FIN12;4098w
FIN-FINANCE;FINFIN_J34TRT_04_H;FINFIN_J34TRT_04_H;"September 12, 2026";"September 12, 2026 1:30:10 PM";;;Executing;;;SMART Table;No;1;No;CTMSRV;FINFIN_J34TRT_04_H;;;;407md
FIN-FINANCE;FINFIN_J34TRT_04_H;FINFIN_J34TRT_04_WRK01_H;"September 12, 2026";;;;Wait for Event;Collecter les statistiques du schéma  AR;;Job;No;0;No;CTMSRV;FINFIN_J34TRT_04_H;EXPLOITATION;M_L_FIN12;M_L_FIN12;407me
FIN-FINANCE;FINFIN_J34TRT_04_H;FINFIN_J34TRT_04_WRK02_H;"September 12, 2026";;;;Wait for Event;Collecter les statistiques du schéma  IBY;;Job;No;0;No;CTMSRV;FINFIN_J34TRT_04_H;EXPLOITATION;M_L_FIN12;M_L_FIN12;407mf
FIN-FINANCE;FINFIN_J34TRT_04_H;FINFIN_J34TRT_04_WRK03_H;"September 12, 2026";;;;Wait for Event;Collecter les statistiques du schéma  ZX;;Job;No;0;No;CTMSRV;FINFIN_J34TRT_04_H;EXPLOITATION;M_L_FIN12;M_L_FIN12;407mg
FIN-FINANCE;FINFIN_J34TRT_04_H;FINFIN_J34TRT_04_WRK04_H;"September 12, 2026";"September 12, 2026 1:45:00 PM";"September 12, 2026 2:06:29 PM";;Ended OK;Collecter les statistiques du schéma  XLA;;Job;No;1;No;CTMSRV;FINFIN_J34TRT_04_H;EXPLOITATION;ldkfinp01;M_L_FIN12;407mh
FIN-FINANCE;FINFIN_J34TRT_04_H;FINFIN_J34TRT_04_WRK05_H;"September 12, 2026";"September 12, 2026 2:00:00 PM";"September 12, 2026 2:02:42 PM";;Ended OK;Collecter les statistiques du schéma  FA;;Job;No;1;No;CTMSRV;FINFIN_J34TRT_04_H;EXPLOITATION;ldkfinp11;M_L_FIN12;407mi
FIN-FINANCE;FINFIN_J34TRT_04_H;FINFIN_J34TRT_04_WRK06_H;"September 12, 2026";"September 12, 2026 2:15:00 PM";"September 12, 2026 2:20:14 PM";;Ended OK;Collecter les statistiques du schéma  PO;;Job;No;1;No;CTMSRV;FINFIN_J34TRT_04_H;EXPLOITATION;ldkfinp01;M_L_FIN12;407mj
FIN-FINANCE;FINFIN_J34TRT_04_H;FINFIN_J34TRT_04_WRK07_H;"September 12, 2026";"September 12, 2026 2:30:00 PM";;;Executing;Collecter les statistiques du schéma  GL;;Job;No;1;No;CTMSRV;FINFIN_J34TRT_04_H;EXPLOITATION;ldkfinp11;M_L_FIN12;407mk
FIN-FINANCE;FINFIN_J34TRT_04_H;FINFIN_J34TRT_04_WRK08_H;"September 12, 2026";"September 12, 2026 2:45:00 PM";"September 12, 2026 3:04:24 PM";;Ended OK;Collecter les statistiques du schéma  AP;;Job;No;1;No;CTMSRV;FINFIN_J34TRT_04_H;EXPLOITATION;ldkfinp01;M_L_FIN12;407ml
FIN-FINANCE;FINFIN_J34TRT_04_H;FINFIN_J34TRT_04_WRK09_H;"September 12, 2026";"September 12, 2026 3:00:00 PM";"September 12, 2026 3:12:42 PM";;Ended OK;Collecter les statistiques du schéma  PA;;Job;No;1;No;CTMSRV;FINFIN_J34TRT_04_H;EXPLOITATION;ldkfinp11;M_L_FIN12;407mm
FIN-FINANCE;FINFIN_J35TRT_04_H;FINFIN_J35TRT_04_H;"September 12, 2026";"September 12, 2026 1:30:09 PM";"September 12, 2026 1:30:11 PM";;Ended OK;;;SMART Table;No;1;No;CTMSRV;FINFIN_J35TRT_04_H;;;;408dv
FIN-FINANCE;FINFIN_J36TRT_04_H;FINFIN_J36TRT_04_H;"September 12, 2026";"September 12, 2026 1:30:09 PM";"September 12, 2026 1:30:11 PM";;Ended OK;;;SMART Table;No;1;No;CTMSRV;FINFIN_J36TRT_04_H;;;;40953
FIN-FINANCE;FINXXX_J14INT_05_Q;FINXXX_J14INT_05_MOV01_Q;"September 12, 2026";;;;Wait for Event;FINANCE : MOV du fichier MAG_DAL*.zip.;MOV_IN_Generique_DKA.ksh;Job;No;0;No;CTMSRV;FINXXX_J14INT_05_Q;opfinbac;M_L_FIN12;M_L_FIN12;4096j
FIN-FINANCE;FINXXX_J14INT_05_Q;FINXXX_J14INT_05_Q;"September 12, 2026";;;;Wait for Event;FINANCE : Rattachement des images XEROX/ALADIN;;SMART Table;No;0;No;CTMSRV;FINXXX_J14INT_05_Q;opfinbac;;;4096h
FIN-FINANCE;FINXXX_J14INT_05_Q;FINXXX_J14INT_05_WRK01_Q;"September 12, 2026";;;;Wait for Event;Rattachement des images XEROX - Tradeshift;;Job;No;0;No;CTMSRV;FINXXX_J14INT_05_Q;EXPLOITATION;M_L_FIN12;M_L_FIN12;4096i
FIN-FINANCE;FINXXX_J14INT_05_Q;FINXXX_J14INT_05_ZIP01_Q;"September 12, 2026";;;;Wait for Event;FINANCE : Decompression du fichiers MAG_DAL*.zip;FINXXX_J14INT_05_ZIP01_Q.ksh;Job;No;0;No;CTMSRV;FINXXX_J14INT_05_Q;opfinbac;M_L_FIN12;M_L_FIN12;4096k
GDR-GESTION DES REJETS;GDRFIN_J11INT_05_Q;GDRFIN_J11INT_05_IMP01_Q;"September 12, 2026";;;;Wait for Event;Integre les fichiers de type EcritureComptable GL depuis la PFE vers GDR;lance_Traitement_Interne_GDR.bat;Job;No;0;Yes;CTMSRV;GDRFIN_J11INT_05_Q;svce_cm;A_W_GDR01;A_W_GDR01;408wp
GDR-GESTION DES REJETS;GDRFIN_J11INT_05_Q;GDRFIN_J11INT_05_IMP02_Q;"September 12, 2026";"September 12, 2026 4:30:19 PM";"September 12, 2026 4:30:25 PM";2000;Wait Resource;Integre les fichiers de type EcritureComptable GL depuis la PFE vers GDR;lance_Traitement_Interne_GDR.bat;Job;No;13;Yes;CTMSRV;GDRFIN_J11INT_05_Q;svce_cm;wdkgdrctlpa01;A_W_GDR01;408wq
GDR-GESTION DES REJETS;GDRFIN_J11INT_05_Q;GDRFIN_J11INT_05_IMP03_Q;"September 12, 2026";;;;Wait for Event;Integre les fichiers de type Factures Client depuis la PFE vers GDR;lance_Traitement_Interne_GDR.bat;Job;No;0;Yes;CTMSRV;GDRFIN_J11INT_05_Q;svce_cm;A_W_GDR01;A_W_GDR01;408wm
GDR-GESTION DES REJETS;GDRFIN_J11INT_05_Q;GDRFIN_J11INT_05_IMP04_Q;"September 12, 2026";"September 12, 2026 4:45:00 PM";;2000;Executing;Integre les fichiers de type Factures Client depuis la PFE vers GDR;lance_Traitement_Interne_GDR.bat;Job;No;14;Yes;CTMSRV;GDRFIN_J11INT_05_Q;svce_cm;wdkgdrctlpa01;A_W_GDR01;408wr
GDR-GESTION DES REJETS;GDRFIN_J11INT_05_Q;GDRFIN_J11INT_05_IMP05_Q;"September 12, 2026";;;;Wait for Event;Integre les fichiers de type Factures Fournisseur depuis la PFE vers GDR;lance_Traitement_Interne_GDR.bat;Job;No;0;Yes;CTMSRV;GDRFIN_J11INT_05_Q;svce_cm;A_W_GDR01;A_W_GDR01;408wn
GDR-GESTION DES REJETS;GDRFIN_J11INT_05_Q;GDRFIN_J11INT_05_IMP06_Q;"September 12, 2026";"September 12, 2026 4:30:26 PM";"September 12, 2026 4:30:35 PM";2000;Wait Resource;Integre les fichiers de type Factures Fournisseur depuis la PFE vers GDR;lance_Traitement_Interne_GDR.bat;Job;No;13;Yes;CTMSRV;GDRFIN_J11INT_05_Q;svce_cm;wdkgdrctlpa01;A_W_GDR01;408ws
GDR-GESTION DES REJETS;GDRFIN_J11INT_05_Q;GDRFIN_J11INT_05_IMP07_Q;"September 12, 2026";;;;Wait for Event;Integre les fichiers de type Factures Erreur Source depuis la PFE vers GDR;lance_Traitement_Interne_GDR.bat;Job;No;0;Yes;CTMSRV;GDRFIN_J11INT_05_Q;svce_cm;A_W_GDR01;A_W_GDR01;408wo
GDR-GESTION DES REJETS;GDRFIN_J11INT_05_Q;GDRFIN_J11INT_05_IMP08_Q;"September 12, 2026";"September 12, 2026 4:30:11 PM";"September 12, 2026 4:30:18 PM";2000;Wait Resource;Integre les fichiers de type Factures Erreur Source depuis la PFE vers GDR;lance_Traitement_Interne_GDR.bat;Job;No;13;Yes;CTMSRV;GDRFIN_J11INT_05_Q;svce_cm;wdkgdrctlpa01;A_W_GDR01;408wt
GDR-GESTION DES REJETS;GDRFIN_J11INT_05_Q;GDRFIN_J11INT_05_Q;"September 12, 2026";"September 12, 2026 1:30:09 PM";;;Executing;Intégration des fichiers de type facture;;SMART Table;No;1;No;CTMSRV;GDRFIN_J11INT_05_Q;svce_cm;;;408wl
GDR-GESTION DES REJETS;GDRGDR_J11TRT_04_Q;GDRGDR_J11TRT_04_Q;"September 12, 2026";"September 12, 2026 1:30:09 PM";"September 12, 2026 1:30:11 PM";;Ended OK;Listing des factures restantes à corriger;;SMART Table;No;1;No;CTMSRV;GDRGDR_J11TRT_04_Q;uSvcGDR;;;408r1
HEC-HERCULE CHIFFRAG;HECDTR_J11GEN_05_Q;HECDTR_J11GEN_05_EXP01_Q;"September 12, 2026";;;;Wait for Event;HEC : Generation applicative;lance_Traitement_Interne.bat;Job;No;0;No;CTMSRV;HECDTR_J11GEN_05_Q;uSvcHEC-p;A_W_HEC11;A_W_HEC11;407bz
HEC-HERCULE CHIFFRAG;HECDTR_J11GEN_05_Q;HECDTR_J11GEN_05_MOV01_Q;"September 12, 2026";;;;Wait for Event;HERCULE : Transfert du fichier HER01_*.csv vers PFE;MOV_Generique_DKA.bat;Job;No;0;No;CTMSRV;HECDTR_J11GEN_05_Q;svce_cm;A_W_HEC11;A_W_HEC11;407c0
HEC-HERCULE CHIFFRAG;HECDTR_J11GEN_05_Q;HECDTR_J11GEN_05_Q;"September 12, 2026";"September 12, 2026 1:30:10 PM";;;Executing;HERCULE : Export des Donnees DTR;;SMART Table;No;1;No;CTMSRV;HECDTR_J11GEN_05_Q;;;;407by
HEC-HERCULE CHIFFRAG;HECFIN_J12INT_05_Q;HECFIN_J12INT_05_MOV01_Q;"September 12, 2026";;;;Wait for Event;HERCULE : Transfert du fichier ENCAISSEMENTS_CLIENTS_*.csv vers HEC;MOVOUT_Generique_DKA.bat;Job;No;0;No;CTMSRV;HECFIN_J12INT_05_Q;svce_cm;A_W_HEC11;A_W_HEC11;408yg
HEC-HERCULE CHIFFRAG;HECFIN_J12INT_05_Q;HECFIN_J12INT_05_Q;"September 12, 2026";"September 12, 2026 1:30:09 PM";;;Executing;;;SMART Table;No;1;No;CTMSRV;HECFIN_J12INT_05_Q;;;;408yf
HEC-HERCULE CHIFFRAG;HECFIN_J12INT_05_Q;HECFIN_J12INT_05_WRK01_Q;"September 12, 2026";;;;Wait for Event;HEC : Integration applicative du fichier ENCAISSEMENTS_CLIENTS_*.csv;lance_Traitement_Interne.bat;Job;No;0;No;CTMSRV;HECFIN_J12INT_05_Q;uSvcHEC-p;A_W_HEC11;A_W_HEC11;408yh
KDR-KADOR;KDREXT_J12INT_05_Q;KDREXT_J12INT_05_IMP01_Q;"September 12, 2026";;;;Wait for Event;KDR : Process Ressource Insert;BATCH_Generique_DKA.ksh;Job;No;0;No;CTMSRV;KDREXT_J12INT_05_Q;dalkia-adm;A_L_MDM21;A_L_MDM21;408j2
KDR-KADOR;KDREXT_J12INT_05_Q;KDREXT_J12INT_05_MOV01_Q;"September 12, 2026";;;;Wait for Event;KDR : Deplacement du fichier *.zip vers KDR;MOV_IN_Generique_DKA.ksh;Job;No;0;No;CTMSRV;KDREXT_J12INT_05_Q;root;A_L_MDM21;A_L_MDM21;408j3
KDR-KADOR;KDREXT_J12INT_05_Q;KDREXT_J12INT_05_Q;"September 12, 2026";;;;Wait for Event;KADOR : Process Ressource Insert;;SMART Table;No;0;No;CTMSRV;KDREXT_J12INT_05_Q;dalkia-adm;;;408j1
KDR-KADOR;KDREXT_J13INT_05_Q;KDREXT_J13INT_05_IMP01_Q;"September 12, 2026";;;;Wait for Event;KDR - JDV : Import du fichier de JEUXDEVALEURS;executeBatchImportGXPLOV.sh;Job;No;0;No;CTMSRV;KDREXT_J13INT_05_Q;dalkia-adm;A_L_MDM21;A_L_MDM21;408l5
KDR-KADOR;KDREXT_J13INT_05_Q;KDREXT_J13INT_05_MOV01_Q;"September 12, 2026";;;;Wait for Event;KDR - JDV : Deplacement du fichier *.ZIP vers KDR;MOV_IN_DKA.ksh;Job;No;0;No;CTMSRV;KDREXT_J13INT_05_Q;dalkia-adm;A_L_MDM21;A_L_MDM21;408l4
KDR-KADOR;KDRKDR_J11TRT_04_Q;KDRKDR_J11TRT_04_MOV01_Q;"September 12, 2026";;;;Wait for Event;Transfert du zip des donnees FULL FINANCE vers NAS PFE (TEMP);MOV_OUT_Generique_DKA.ksh;Job;No;0;No;CTMSRV;KDRKDR_J11TRT_04_Q;root;A_L_MDM21;A_L_MDM21;407pj
KDR-KADOR;KDRKDR_J11TRT_04_Q;KDRKDR_J11TRT_04_MOV02_Q;"September 12, 2026";;;;Wait for Event;Transfert du zip des donnees FULL FINANCE vers NAS PFE;;Command;No;0;No;CTMSRV;KDRKDR_J11TRT_04_Q;root;A_L_MDM21;A_L_MDM21;407pk
KDR-KADOR;KDRKDR_J11TRT_04_Q;KDRKDR_J11TRT_04_Q;"September 12, 2026";;;;Wait for Event;KDR : Bascule Statut Objet;;SMART Table;No;0;No;CTMSRV;KDRKDR_J11TRT_04_Q;infadm;;;407pg
KDR-KADOR;KDRKDR_J11TRT_04_Q;KDRKDR_J11TRT_04_WRK01_Q;"September 12, 2026";;;;Wait for Event;Bascule Statut Objet;BATCH_Generique_DKA.ksh;Job;No;0;No;CTMSRV;KDRKDR_J11TRT_04_Q;dalkia-adm;A_L_MDM21;A_L_MDM21;407ph
KDR-KADOR;KDRKDR_J11TRT_04_Q;KDRKDR_J11TRT_04_WRK02_Q;"September 12, 2026";;;;Wait for Event;Export full finance;BATCH_Generique_DKA.ksh;Job;No;0;No;CTMSRV;KDRKDR_J11TRT_04_Q;dalkia-adm;A_L_MDM21;A_L_MDM21;407pi
KDR-KADOR;KDRKDR_J16TRT_04_Q;KDRKDR_J16TRT_04_EXP01_Q;"September 12, 2026";;;;Wait for Event;Export full RH;BATCH_Generique_DKA.ksh;Job;No;0;No;CTMSRV;KDRKDR_J16TRT_04_Q;dalkia-adm;A_L_MDM21;A_L_MDM21;407xe
KDR-KADOR;KDRKDR_J16TRT_04_Q;KDRKDR_J16TRT_04_MOV01_Q;"September 12, 2026";;;;Wait for Event;Move des fichiers FULL RH vers le NAS;MOV_OUT_Generique_DKA.ksh;Job;No;0;No;CTMSRV;KDRKDR_J16TRT_04_Q;root;A_L_MDM21;A_L_MDM21;407xf
KDR-KADOR;KDRKDR_J16TRT_04_Q;KDRKDR_J16TRT_04_Q;"September 12, 2026";;;;Wait for Event;KDR : Bascule Statut Objet;;SMART Table;No;0;No;CTMSRV;KDRKDR_J16TRT_04_Q;infadm;;;407xb
KDR-KADOR;KDRKDR_J16TRT_04_Q;KDRKDR_J16TRT_04_WRK01_Q;"September 12, 2026";;;;Wait for Event;Chaine CALCUL_RESSOURCE_ORGA;BATCH_Generique_DKA.ksh;Job;No;0;No;CTMSRV;KDRKDR_J16TRT_04_Q;dalkia-adm;A_L_MDM21;A_L_MDM21;407xc
KDR-KADOR;KDRKDR_J16TRT_04_Q;KDRKDR_J16TRT_04_WRK02_Q;"September 12, 2026";;;;Wait for Event;Chaine DIFFUSION_RESSOURCE_ORGA;BATCH_Generique_DKA.ksh;Job;No;0;No;CTMSRV;KDRKDR_J16TRT_04_Q;dalkia-adm;A_L_MDM21;A_L_MDM21;407xd
KDR-KADOR;KDRXXX_J11GEN_06_Q;KDRXXX_J11GEN_06_EXP01_Q;"September 12, 2026";;;;Wait for Event;KDR : Export XML en deltas quotidiens par objets a destination du DTR Affaire;BATCH_Generique_DKA.ksh;Job;No;0;No;CTMSRV;KDRXXX_J11GEN_06_Q;dalkia-adm;A_L_MDM21;A_L_MDM21;40849
KDR-KADOR;KDRXXX_J11GEN_06_Q;KDRXXX_J11GEN_06_MOV01_Q;"September 12, 2026";;;;Wait for Event;KDR : Move des fichiers REF02_*_AFFAIRE-Q_001_*.xml vers le NAS;MOV_OUT_Generique_DKA.ksh;Job;No;0;No;CTMSRV;KDRXXX_J11GEN_06_Q;root;A_L_MDM21;A_L_MDM21;4084a
KDR-KADOR;KDRXXX_J11GEN_06_Q;KDRXXX_J11GEN_06_Q;"September 12, 2026";;;;Wait for Event;KDR : Exports a destination de PFE;;SMART Table;No;0;No;CTMSRV;KDRXXX_J11GEN_06_Q;dalkia-adm;;;40848
KDR-KADOR;KDRXXX_J11TEC_04_Q;KDRXXX_J11TEC_04_Q;"September 12, 2026";;;;Wait for Event;KDR : Ajout date derniere extraction dans Libmemsym;;SMART Table;No;0;No;CTMSRV;KDRXXX_J11TEC_04_Q;infadm;;;407qn
KDR-KADOR;KDRXXX_J11TEC_04_Q;KDRXXX_J11TEC_04_WRK01_Q;"September 12, 2026";;;;Wait for Event;KDR : Ajout date derniere extraction dans Libmemsym;;Command;No;0;No;CTMSRV;KDRXXX_J11TEC_04_Q;controlm;SRV_PRIMAIRE;SRV_PRIMAIRE;407qo
KDR-KADOR;KDRXXX_J11TEC_04_Q;KDRXXX_J11TEC_04_WRK02_Q;"September 12, 2026";;;;Wait for Event;KDR : Ajout date derniere extraction dans Libmemsym;SED_libmemsym_DALKIA_KDR_libmemsym_DALKIA.ksh;Job;No;0;No;CTMSRV;KDRXXX_J11TEC_04_Q;controlm;SRV_PRIMAIRE;SRV_PRIMAIRE;407qp
KDR-KADOR;KDRXXX_J18GEN_06_Q;KDRXXX_J18GEN_06_EXP01_Q;"September 12, 2026";;;;Wait for Event;KDR : Export au format XML des Centres Finance modifies dans le Referentiel;BATCH_Generique_DKA.ksh;Job;No;0;No;CTMSRV;KDRXXX_J18GEN_06_Q;dalkia-adm;A_L_MDM21;A_L_MDM21;409cn
KDR-KADOR;KDRXXX_J18GEN_06_Q;KDRXXX_J18GEN_06_MOV01_Q;"September 12, 2026";;;;Wait for Event;KDR : Move des fichiers REF02_*_CENTRE-FINANCE-Q_001_*_*.xml vers le NAS;MOV_OUT_Generique_DKA.ksh;Job;No;0;No;CTMSRV;KDRXXX_J18GEN_06_Q;root;A_L_MDM21;A_L_MDM21;409co
KDR-KADOR;KDRXXX_J18GEN_06_Q;KDRXXX_J18GEN_06_Q;"September 12, 2026";;;;Wait for Event;;;SMART Table;No;0;No;CTMSRV;KDRXXX_J18GEN_06_Q;;;;409cm
KDR-KADOR;KDRXXX_J19GEN_06_Q;KDRXXX_J19GEN_06_EXP01_Q;"September 12, 2026";;;;Wait for Event;KDR : Export au format XML les Projets Finance modifies dans le Referentiel depuis une date passee en parametre;BATCH_Generique_DKA.ksh;Job;No;0;No;CTMSRV;KDRXXX_J19GEN_06_Q;dalkia-adm;A_L_MDM21;A_L_MDM21;408w7
KDR-KADOR;KDRXXX_J19GEN_06_Q;KDRXXX_J19GEN_06_MOV01_Q;"September 12, 2026";;;;Wait for Event;KDR : Move des fichiers REF02_*_PROJET-FINANCE-Q_001_*_*.xml vers le NAS;MOV_OUT_Generique_DKA.ksh;Job;No;0;No;CTMSRV;KDRXXX_J19GEN_06_Q;root;A_L_MDM21;A_L_MDM21;408w8
KDR-KADOR;KDRXXX_J19GEN_06_Q;KDRXXX_J19GEN_06_Q;"September 12, 2026";;;;Wait for Event;;;SMART Table;No;0;No;CTMSRV;KDRXXX_J19GEN_06_Q;;;;408w6
KDR-KADOR;KDRXXX_J20GEN_06_Q;KDRXXX_J20GEN_06_EXP01_Q;"September 12, 2026";;;;Wait for Event;KDR : Export au format XML les Taches Finance modifiees dans le Referentiel depuis une date passee en parametre;BATCH_Generique_DKA.ksh;Job;No;0;No;CTMSRV;KDRXXX_J20GEN_06_Q;dalkia-adm;A_L_MDM21;A_L_MDM21;408fa
KDR-KADOR;KDRXXX_J20GEN_06_Q;KDRXXX_J20GEN_06_MOV01_Q;"September 12, 2026";;;;Wait for Event;KDR : Move des fichiers REF02_*_TACHE-FINANCE-Q_001_*_*.xml vers le NAS;MOV_OUT_Generique_DKA.ksh;Job;No;0;No;CTMSRV;KDRXXX_J20GEN_06_Q;root;A_L_MDM21;A_L_MDM21;408fb
KDR-KADOR;KDRXXX_J20GEN_06_Q;KDRXXX_J20GEN_06_Q;"September 12, 2026";;;;Wait for Event;;;SMART Table;No;0;No;CTMSRV;KDRXXX_J20GEN_06_Q;;;;408f9
KDR-KADOR;KDRXXX_J22GEN_06_Q;KDRXXX_J22GEN_06_EXP01_Q;"September 12, 2026";;;;Wait for Event;KDR : Export au format XML les Organisations modifiees dans le Referentiel depuis une date passee en parametre;BATCH_Generique_DKA.ksh;Job;No;0;No;CTMSRV;KDRXXX_J22GEN_06_Q;dalkia-adm;A_L_MDM21;A_L_MDM21;40899
KDR-KADOR;KDRXXX_J22GEN_06_Q;KDRXXX_J22GEN_06_MOV01_Q;"September 12, 2026";;;;Wait for Event;KDR : Move des fichiers REF02_*_ORGANISATION-Q_001_*_*.xml vers le NAS;MOV_OUT_Generique_DKA.ksh;Job;No;0;No;CTMSRV;KDRXXX_J22GEN_06_Q;root;A_L_MDM21;A_L_MDM21;4089a
KDR-KADOR;KDRXXX_J22GEN_06_Q;KDRXXX_J22GEN_06_Q;"September 12, 2026";;;;Wait for Event;;;SMART Table;No;0;No;CTMSRV;KDRXXX_J22GEN_06_Q;;;;40898
KDR-KADOR;KDRXXX_J23GEN_06_Q;KDRXXX_J23GEN_06_EXP01_Q;"September 12, 2026";;;;Wait for Event;KDR : Export au format XML les Ressources modifiees dans le Referentiel depuis une date passee en parametre;BATCH_Generique_DKA.ksh;Job;No;0;No;CTMSRV;KDRXXX_J23GEN_06_Q;dalkia-adm;A_L_MDM21;A_L_MDM21;408mv
KDR-KADOR;KDRXXX_J23GEN_06_Q;KDRXXX_J23GEN_06_MOV01_Q;"September 12, 2026";;;;Wait for Event;KDR :  Move des fichiers REF02_*_RESSOURCE-RESTREINT-Q_001_*_*.xml vers le NAS;MOV_OUT_Generique_DKA.ksh;Job;No;0;No;CTMSRV;KDRXXX_J23GEN_06_Q;root;A_L_MDM21;A_L_MDM21;408mu
KDR-KADOR;KDRXXX_J23GEN_06_Q;KDRXXX_J23GEN_06_MOV02_Q;"September 12, 2026";;;;Wait for Event;KDR :  Move des fichiers REF02_*_RESSOURCE-Q_001_*_*.xml vers le NAS;MOV_OUT_Generique_DKA.ksh;Job;No;0;No;CTMSRV;KDRXXX_J23GEN_06_Q;root;A_L_MDM21;A_L_MDM21;408mw
KDR-KADOR;KDRXXX_J23GEN_06_Q;KDRXXX_J23GEN_06_Q;"September 12, 2026";;;;Wait for Event;;;SMART Table;No;0;No;CTMSRV;KDRXXX_J23GEN_06_Q;;;;408mt
KDR-KADOR;KDRXXX_J24GEN_06_Q;KDRXXX_J24GEN_06_EXP01_Q;"September 12, 2026";;;;Wait for Event;KDR : Export au format XML les Jeux de Valeurs modifies dans le Referentiel depuis une date passee en parametre;BATCH_Generique_DKA.ksh;Job;No;0;No;CTMSRV;KDRXXX_J24GEN_06_Q;dalkia-adm;A_L_MDM21;A_L_MDM21;409a3
KDR-KADOR;KDRXXX_J24GEN_06_Q;KDRXXX_J24GEN_06_MOV01_Q;"September 12, 2026";;;;Wait for Event;KDR :  Move des fichiers REF02_*_JDV-Q_001_*_*.xml vers le NAS;MOV_OUT_Generique_DKA.ksh;Job;No;0;No;CTMSRV;KDRXXX_J24GEN_06_Q;root;A_L_MDM21;A_L_MDM21;409a4
KDR-KADOR;KDRXXX_J24GEN_06_Q;KDRXXX_J24GEN_06_Q;"September 12, 2026";;;;Wait for Event;;;SMART Table;No;0;No;CTMSRV;KDRXXX_J24GEN_06_Q;;;;409a2
KDR-KADOR;KDRXXX_J25GEN_06_Q;KDRXXX_J25GEN_06_EXP01_Q;"September 12, 2026";;;;Wait for Event;KDR : Export CSV en FULL quotidien des transcodifications a destination du DTR Referentiel et de la plateforme d echanges;BATCH_Generique_DKA.ksh;Dummy;No;0;No;CTMSRV;KDRXXX_J25GEN_06_Q;dalkia-adm;A_L_MDM21;A_L_MDM21;408sd
KDR-KADOR;KDRXXX_J25GEN_06_Q;KDRXXX_J25GEN_06_MOV01_Q;"September 12, 2026";;;;Wait for Event;KDR : Move des fichiers REF02_*_TRANSCO-TF-ORG*.csv vers le NAS;MOV_OUT_Generique_DKA.ksh;Dummy;No;0;No;CTMSRV;KDRXXX_J25GEN_06_Q;root;A_L_MDM21;A_L_MDM21;408sg
KDR-KADOR;KDRXXX_J25GEN_06_Q;KDRXXX_J25GEN_06_MOV02_Q;"September 12, 2026";;;;Wait for Event;KDR : Move des fichiers REF02_*_TRANSCO-*.csv vers le NAS;MOV_OUT_Generique_DKA.ksh;Dummy;No;0;No;CTMSRV;KDRXXX_J25GEN_06_Q;root;A_L_MDM21;A_L_MDM21;408se
KDR-KADOR;KDRXXX_J25GEN_06_Q;KDRXXX_J25GEN_06_Q;"September 12, 2026";;;;Wait for Event;;;SMART Table;No;0;No;CTMSRV;KDRXXX_J25GEN_06_Q;;;;408sc
KDR-KADOR;KDRXXX_J25GEN_06_Q;KDRXXX_J25GEN_06_WAI01_Q;"September 12, 2026";;;;Wait for Event;KDR : WAIT PFE;MOV_OUT_Generique_DKA.ksh;Dummy;No;0;No;CTMSRV;KDRXXX_J25GEN_06_Q;root;A_L_MDM21;A_L_MDM21;408sf
KDR-KADOR;KDRXXX_J26GEN_06_Q;KDRXXX_J26GEN_06_PUR01_Q;"September 12, 2026";;;;Wait for Event;KDR : Purge des exports de plus de 30 jours;PURGE_EXPORT_TRAITE.ksh;Job;No;0;No;CTMSRV;KDRXXX_J26GEN_06_Q;dalkia-adm;A_L_MDM21;A_L_MDM21;408al
KDR-KADOR;KDRXXX_J26GEN_06_Q;KDRXXX_J26GEN_06_PUR02_Q;"September 12, 2026";;;;Wait for Event;"KDR : le premier du mois; génère une archive zippée; supprime tous les fichiers datant de plus de 1 semaine";manageArchives.sh;Job;No;0;No;CTMSRV;KDRXXX_J26GEN_06_Q;dalkia-adm;A_L_MDM21;A_L_MDM21;408am
KDR-KADOR;KDRXXX_J26GEN_06_Q;KDRXXX_J26GEN_06_Q;"September 12, 2026";"September 12, 2026 1:30:09 PM";;;Executing;;;SMART Table;No;1;No;CTMSRV;KDRXXX_J26GEN_06_Q;;;;408ak
KDR-KADOR;SEEREF_J11INT_05_Q;SEEREF_J11INT_05_IMP01_Q;"September 12, 2026";;;;Wait for Event;Importation des partenaires;importPartenaire.sh;Job;No;0;No;CTMSRV;SEEREF_J11INT_05_Q;dalkia-adm;A_L_MDM21;A_L_MDM21;407i5
KDR-KADOR;SEEREF_J11INT_05_Q;SEEREF_J11INT_05_MOV01_Q;"September 12, 2026";;;;Wait for Event;Move du ou des fichiers SEE01_*_PARTENAIRE-* de /data/flf/shares/files/REF02/INBOUND/SEE01.C_DELTA_PARTENAIRE vers input DTR /app/echanges/kador/import/kds/partenaire/input/;MOV_IN_DKA.ksh;Job;No;0;No;CTMSRV;SEEREF_J11INT_05_Q;dalkia-adm;A_L_MDM21;A_L_MDM21;407i4
KDR-KADOR;SEEREF_J12INT_05_Q;SEEREF_J12INT_05_IMP01_Q;"September 12, 2026";;;;Wait for Event;Importation des societes;importSociete.sh;Job;No;0;No;CTMSRV;SEEREF_J12INT_05_Q;dalkia-adm;A_L_MDM21;A_L_MDM21;408gz
KDR-KADOR;SEEREF_J12INT_05_Q;SEEREF_J12INT_05_MOV01_Q;"September 12, 2026";;;;Wait for Event;Move du fichier *.zip de /data/flf/shares/files/REF02/INBOUND/SEE01.C_DELTA_SOCIETE vers input DTR /app/echanges/kador/import/kds/societe/input/;MOV_IN_DKA.ksh;Job;No;0;No;CTMSRV;SEEREF_J12INT_05_Q;dalkia-adm;A_L_MDM21;A_L_MDM21;408gy
MOS-MOS PI;MOSMOS_E21TEC_PI_Q;MOSMOS_E21TEC_PI_PUR01_Q;"September 12, 2026";"September 12, 2026 2:00:00 PM";"September 12, 2026 2:00:09 PM";;Ended OK;Purge des logs;PURGE_FICHIER.exe;Job;No;1;No;CTMSRV;MOSMOS_E21TEC_PI_Q;crtuser;wdkmosinp01;wdkmosinp01;4083v
MOS-MOS PI;MOSMOS_E21TEC_PI_Q;MOSMOS_E21TEC_PI_Q;"September 12, 2026";"September 12, 2026 1:30:09 PM";"September 12, 2026 2:00:10 PM";;Ended OK;Chaine de purge  des logs sur le serveur WDKMOSINP01;;SMART Table;No;1;No;CTMSRV;MOSMOS_E21TEC_PI_Q;;ldkctmp50;;4083u
NRJ-ENERGY;NRJBDM_J14GEN_06_W;NRJBDM_J14GEN_06_W;"September 12, 2026";"September 12, 2026 1:30:09 PM";;;Executing;;;SMART Table;No;1;No;CTMSRV;NRJBDM_J14GEN_06_W;;;;408eg
NRJ-ENERGY;NRJBDM_J14GEN_06_W;NRJBDM_J14GEN_06_WRK01_W;"September 12, 2026";;;;Wait for Event;SPEGYMET2 : BD meteo - traitement de nuit;U112068010.sh;Job;No;0;No;CTMSRV;NRJBDM_J14GEN_06_W;root;A_L_ENE12;A_L_ENE12;408eh
NRJ-ENERGY;NRJCID_J12GEN_06_W;NRJCID_J12GEN_06_W;"September 12, 2026";"September 12, 2026 1:30:09 PM";;;Executing;;;SMART Table;No;1;No;CTMSRV;NRJCID_J12GEN_06_W;;;;4083g
NRJ-ENERGY;NRJCID_J12GEN_06_W;NRJCID_J12GEN_06_WRK01_W;"September 12, 2026";;;;Wait for Event;SPEGYMET1 : BD meteo - traitement de nuit;U112062010.sh;Job;No;0;No;CTMSRV;NRJCID_J12GEN_06_W;root;A_L_ENE12;A_L_ENE12;4083h
NRJ-ENERGY;NRJCRT_J11INT_05_Q;NRJCRT_J11INT_05_FTP01_Q;"September 12, 2026";"September 12, 2026 3:30:00 PM";"September 12, 2026 3:30:01 PM";;Wait for Event;NRJ : Envoi FTP des fichiers index*gaz*.csv depuis PFE;FTP_MULTI_GENERIQUE.ksh;Job;No;1;Yes;CTMSRV;NRJCRT_J11INT_05_Q;root;ldkpfep11;A_L_PFE11;408n6
NRJ-ENERGY;NRJCRT_J11INT_05_Q;NRJCRT_J11INT_05_IMP01_Q;"September 12, 2026";"September 12, 2026 3:30:02 PM";"September 12, 2026 3:35:10 PM";;Wait for Event;NRJ : Interface sortante indexes des compteurs gaz et hors gaz pour CRT;IICRTEGY01.sh;Job;No;1;Yes;CTMSRV;NRJCRT_J11INT_05_Q;dbanrj;ldkenep12;A_L_ENE12;408n7
NRJ-ENERGY;NRJCRT_J11INT_05_Q;NRJCRT_J11INT_05_Q;"September 12, 2026";"September 12, 2026 1:30:09 PM";;;Executing;;;SMART Table;No;1;No;CTMSRV;NRJCRT_J11INT_05_Q;;;;408n5
NRJ-ENERGY;NRJEXT_J13INT_05_Q;NRJEXT_J13INT_05_IMP01_Q;"September 12, 2026";;;;Wait for Event;Interface : intégrations des données météo issues de Météo France;NRJEXT_J13INT_05_IMP01_Q.ksh;Job;No;0;No;CTMSRV;NRJEXT_J13INT_05_Q;dbanrj;A_L_ENE12;A_L_ENE12;407o4
NRJ-ENERGY;NRJEXT_J13INT_05_Q;NRJEXT_J13INT_05_IMP02_Q;"September 12, 2026";;;;Wait for Event;Interface : intégrations des données météo issues de Météo France;NRJEXT_J13INT_05_IMP02_Q.ksh;Job;No;0;No;CTMSRV;NRJEXT_J13INT_05_Q;dbanrj;A_L_ENE12;A_L_ENE12;407o5
NRJ-ENERGY;NRJEXT_J13INT_05_Q;NRJEXT_J13INT_05_IMP03_Q;"September 12, 2026";"September 12, 2026 2:30:00 PM";"September 12, 2026 2:31:20 PM";;Ended OK;Interface : intégrations des données météo issues de Météo France;NRJEXT_J13INT_05_IMP03_Q.ksh;Job;No;1;No;CTMSRV;NRJEXT_J13INT_05_Q;dbanrj;ldkenep12;A_L_ENE12;407o6
NRJ-ENERGY;NRJEXT_J13INT_05_Q;NRJEXT_J13INT_05_IMP04_Q;"September 12, 2026";;;;Wait for Event;Interface : intégrations des données météo issues de Météo France;NRJEXT_J13INT_05_IMP04_Q.ksh;Job;No;0;No;CTMSRV;NRJEXT_J13INT_05_Q;dbanrj;A_L_ENE12;A_L_ENE12;407o7
NRJ-ENERGY;NRJEXT_J13INT_05_Q;NRJEXT_J13INT_05_Q;"September 12, 2026";"September 12, 2026 1:30:09 PM";;;Executing;;;SMART Table;No;1;No;CTMSRV;NRJEXT_J13INT_05_Q;;;;407o3
NRJ-ENERGY;NRJEXT_J14INT_05_Q;NRJEXT_J14INT_05_IMP01_Q;"September 12, 2026";;;;Wait for Event;Import TPV2_Jxxxxxxxxx_YYYYMMDD_*.csv;IIGDDEGY01.sh;Job;No;0;No;CTMSRV;NRJEXT_J14INT_05_Q;dbanrj;A_L_ENE12;A_L_ENE12;409bl
NRJ-ENERGY;NRJEXT_J14INT_05_Q;NRJEXT_J14INT_05_MOV01_Q;"September 12, 2026";;;0100;Wait for Event;NRJ : Envoi FTP TPV2_Jxxxxxxxxx_YYYYMMDD_Customer.csv depuis NAS EDF vers Energy;FTP_MULTI_GENERIQUE.ksh;Job;No;0;Yes;CTMSRV;NRJEXT_J14INT_05_Q;root;A_L_PFE11;A_L_PFE11;409bm
NRJ-ENERGY;NRJEXT_J14INT_05_Q;NRJEXT_J14INT_05_Q;"September 12, 2026";"September 12, 2026 1:30:10 PM";;;Executing;;;SMART Table;No;1;No;CTMSRV;NRJEXT_J14INT_05_Q;;;;409bk
NRJ-ENERGY;NRJNRJ_B11TEC_04_Q;NRJNRJ_B11TEC_04_FJA96_Q;"September 12, 2026";;;;Wait for Event;Fin trait. Valorisation Budget NRJ;U112_BUDGET;Dummy;No;0;No;CTMSRV;NRJNRJ_B11TEC_04_Q;ctmuser;;;407ln
NRJ-ENERGY;NRJNRJ_E01TEC_04_Q;NRJNRJ_E01TEC_04_STA01_Q;"September 12, 2026";;;;Wait for Event;Statistiques quotidiennes Oracle sur la base dprnrj;NRJNRJ_E01TEC_04_STA01_Q.sh;Job;No;0;No;CTMSRV;NRJNRJ_E01TEC_04_Q;root;A_L_ENE12;A_L_ENE12;408dl
NRJ-ENERGY;NRJNRJ_E11REB_12_H;NRJNRJ_E11REB_00_MEL01_H;"September 12, 2026";"September 12, 2026 2:00:00 PM";"September 12, 2026 2:00:02 PM";;Ended OK;ENERGY : Notification Mail DEBUT Plan de Maintenance hebdomadaire de l'application ENERGY;Notification_Plan_Maintenance.ksh;Job;No;1;No;CTMSRV;NRJNRJ_E11REB_12_H;root;ldkctmp50;SRV_PRIMAIRE;408vg
NRJ-ENERGY;NRJNRJ_E11REB_12_H;NRJNRJ_E11REB_06_MEL02_H;"September 12, 2026";"September 12, 2026 2:10:20 PM";"September 12, 2026 2:10:21 PM";;Ended OK;ENERGY : Notification Mail FIN Plan de Maintenance hebdomadaire de l'application ENERGY;Notification_Plan_Maintenance.ksh;Job;No;1;No;CTMSRV;NRJNRJ_E11REB_12_H;root;ldkctmp50;SRV_PRIMAIRE;408vh
NRJ-ENERGY;NRJNRJ_E11REB_12_H;NRJNRJ_E11REB_12_CTL10_H;"September 12, 2026";"September 12, 2026 2:10:12 PM";"September 12, 2026 2:10:18 PM";;Ended OK;test si serveur démarré WDKENEP14;CHECK_REB_WDKENEP14;Command;No;1;No;CTMSRV;NRJNRJ_E11REB_12_H;svce_cm;wdkenep14;A_W_ENE14;408ve
NRJ-ENERGY;NRJNRJ_E11REB_12_H;NRJNRJ_E11REB_12_CTL12_H;"September 12, 2026";"September 12, 2026 2:10:12 PM";"September 12, 2026 2:10:14 PM";;Ended OK;test si serveur démarré LDKENEP12;CHECK_REB_LDKENEP12;Command;No;1;No;CTMSRV;NRJNRJ_E11REB_12_H;root;ldkenep12;A_L_ENE12;408vk
NRJ-ENERGY;NRJNRJ_E11REB_12_H;NRJNRJ_E11REB_12_CTL97_H;"September 12, 2026";"September 12, 2026 2:10:13 PM";"September 12, 2026 2:10:18 PM";;Ended OK;test si serveur démarré WDKENEP11;CHECK_REB_WDKENEP11;Command;No;1;No;CTMSRV;NRJNRJ_E11REB_12_H;svce_cm;wdkenep11;A_W_ENE11;408uz
NRJ-ENERGY;NRJNRJ_E11REB_12_H;NRJNRJ_E11REB_12_CTL98_H;"September 12, 2026";"September 12, 2026 2:10:10 PM";"September 12, 2026 2:10:16 PM";;Ended OK;test si serveur démarré WDKENEP12;CHECK_REB_WDKENEP12;Command;No;1;No;CTMSRV;NRJNRJ_E11REB_12_H;svce_cm;wdkenep12;A_W_ENE12;408v4
NRJ-ENERGY;NRJNRJ_E11REB_12_H;NRJNRJ_E11REB_12_CTL99_H;"September 12, 2026";"September 12, 2026 2:10:13 PM";"September 12, 2026 2:10:18 PM";;Ended OK;test si serveur démarré WDKENEP13;CHECK_REB_WDKENEP13;Command;No;1;No;CTMSRV;NRJNRJ_E11REB_12_H;svce_cm;wdkenep13;A_W_ENE13;408v9
NRJ-ENERGY;NRJNRJ_E11REB_12_H;NRJNRJ_E11REB_12_H;"September 12, 2026";"September 12, 2026 1:30:09 PM";"September 12, 2026 2:10:22 PM";;Ended OK;Plan de Maintenance des serveurs ENERGY hebdomadaire;;SMART Table;No;1;No;CTMSRV;NRJNRJ_E11REB_12_H;;ldkctmp50;;408uv
NRJ-ENERGY;NRJNRJ_E11REB_12_H;NRJNRJ_E11REB_12_REB10_H;"September 12, 2026";"September 12, 2026 2:00:09 PM";"September 12, 2026 2:00:10 PM";;Ended OK;REBOOT du serveur WDKENE14;REBOOT_WDKENE14;Command;No;1;No;CTMSRV;NRJNRJ_E11REB_12_H;svce_cm;wdkenep14;A_W_ENE14;408vd
NRJ-ENERGY;NRJNRJ_E11REB_12_H;NRJNRJ_E11REB_12_REB12_H;"September 12, 2026";"September 12, 2026 2:00:09 PM";"September 12, 2026 2:00:10 PM";;Ended OK;REBOOT du serveur LDKENEP12;REBOOT_LDKENEP12;Command;No;1;No;CTMSRV;NRJNRJ_E11REB_12_H;root;ldkenep12;A_L_ENE12;408vi
NRJ-ENERGY;NRJNRJ_E11REB_12_H;NRJNRJ_E11REB_12_REB97_H;"September 12, 2026";"September 12, 2026 2:00:09 PM";"September 12, 2026 2:00:11 PM";;Ended OK;REBOOT du serveur WDKENEP11;REBOOT_WDKENEP11;Command;No;1;No;CTMSRV;NRJNRJ_E11REB_12_H;svce_cm;wdkenep11;A_W_ENE11;408uy
NRJ-ENERGY;NRJNRJ_E11REB_12_H;NRJNRJ_E11REB_12_REB98_H;"September 12, 2026";"September 12, 2026 2:00:07 PM";"September 12, 2026 2:00:09 PM";;Ended OK;REBOOT du serveur WDKENEP12;REBOOT_WDKENEP12;Command;No;1;No;CTMSRV;NRJNRJ_E11REB_12_H;svce_cm;wdkenep12;A_W_ENE12;408v3
NRJ-ENERGY;NRJNRJ_E11REB_12_H;NRJNRJ_E11REB_12_REB99_H;"September 12, 2026";"September 12, 2026 2:00:09 PM";"September 12, 2026 2:00:11 PM";;Ended OK;REBOOT du serveur WDKENEP13;REBOOT_WDKENEP13;Command;No;1;No;CTMSRV;NRJNRJ_E11REB_12_H;svce_cm;wdkenep13;A_W_ENE13;408v8
NRJ-ENERGY;NRJNRJ_E11REB_12_H;NRJNRJ_E11REB_12_STP10_H;"September 12, 2026";"September 12, 2026 2:00:02 PM";"September 12, 2026 2:00:08 PM";;Ended OK;Arrêt des services NRJ sur WDKNRJP04;start_stop_appli_NRJ.bat;Job;No;1;No;CTMSRV;NRJNRJ_E11REB_12_H;ENERGY;wdkenep14;A_W_ENE14;408vb
NRJ-ENERGY;NRJNRJ_E11REB_12_H;NRJNRJ_E11REB_12_STP97_H;"September 12, 2026";"September 12, 2026 2:00:02 PM";"September 12, 2026 2:00:08 PM";;Ended OK;Arrêt des services NRJ sur WDKNRJP01;start_stop_appli_NRJ.bat;Job;No;1;No;CTMSRV;NRJNRJ_E11REB_12_H;ENERGY;wdkenep11;A_W_ENE11;408uw
NRJ-ENERGY;NRJNRJ_E11REB_12_H;NRJNRJ_E11REB_12_STP98_H;"September 12, 2026";"September 12, 2026 2:00:02 PM";"September 12, 2026 2:00:07 PM";;Ended OK;Arrêt des services NRJ sur WDKNRJP12;start_stop_appli_NRJ.bat;Job;No;1;No;CTMSRV;NRJNRJ_E11REB_12_H;ENERGY;wdkenep12;A_W_ENE12;408v1
NRJ-ENERGY;NRJNRJ_E11REB_12_H;NRJNRJ_E11REB_12_STP99_H;"September 12, 2026";"September 12, 2026 2:00:02 PM";"September 12, 2026 2:00:08 PM";;Ended OK;Arrêt des services NRJ sur WDKNRJP03;start_stop_appli_NRJ.bat;Job;No;1;No;CTMSRV;NRJNRJ_E11REB_12_H;ENERGY;wdkenep13;A_W_ENE13;408v6
NRJ-ENERGY;NRJNRJ_E11REB_12_H;NRJNRJ_E11REB_12_STR10_H;"September 12, 2026";"September 12, 2026 2:10:18 PM";"September 12, 2026 2:10:18 PM";;Ended OK;Démarrage des services NRJ sur WDKNRJP04;start_stop_appli_NRJ.bat;Dummy;No;1;No;CTMSRV;NRJNRJ_E11REB_12_H;ENERGY;;A_W_ENE14;408vc
NRJ-ENERGY;NRJNRJ_E11REB_12_H;NRJNRJ_E11REB_12_STR97_H;"September 12, 2026";"September 12, 2026 2:10:19 PM";"September 12, 2026 2:10:19 PM";;Ended OK;Démarrage des services NRJ sur WDKNRJP01;start_stop_appli_NRJ.bat;Dummy;No;1;No;CTMSRV;NRJNRJ_E11REB_12_H;ENERGY;;A_W_ENE11;408ux
NRJ-ENERGY;NRJNRJ_E11REB_12_H;NRJNRJ_E11REB_12_STR98_H;"September 12, 2026";"September 12, 2026 2:10:17 PM";"September 12, 2026 2:10:17 PM";;Ended OK;Démarrage des services NRJ sur WDKNRJP02;start_stop_appli_NRJ.bat;Dummy;No;1;No;CTMSRV;NRJNRJ_E11REB_12_H;ENERGY;;A_W_ENE12;408v2
NRJ-ENERGY;NRJNRJ_E11REB_12_H;NRJNRJ_E11REB_12_STR99_H;"September 12, 2026";"September 12, 2026 2:10:19 PM";"September 12, 2026 2:10:19 PM";;Ended OK;Démarrage des services NRJ sur WDKNRJP03;start_stop_appli_NRJ.bat;Dummy;No;1;No;CTMSRV;NRJNRJ_E11REB_12_H;ENERGY;;A_W_ENE13;408v7
NRJ-ENERGY;NRJNRJ_E11REB_12_H;NRJNRJ_E11REB_12_WAI10_H;"September 12, 2026";"September 12, 2026 2:00:11 PM";"September 12, 2026 2:10:11 PM";;Ended OK;test wait serveur WDKENEP14;sleep 600;Command;No;1;No;CTMSRV;NRJNRJ_E11REB_12_H;root;ldkctmp50;SRV_PRIMAIRE;408vf
NRJ-ENERGY;NRJNRJ_E11REB_12_H;NRJNRJ_E11REB_12_WAI12_H;"September 12, 2026";"September 12, 2026 2:00:11 PM";"September 12, 2026 2:10:11 PM";;Ended OK;test wait serveur LDKENEP12;sleep 600;Command;No;1;No;CTMSRV;NRJNRJ_E11REB_12_H;root;ldkctmp50;SRV_PRIMAIRE;408vj
NRJ-ENERGY;NRJNRJ_E11REB_12_H;NRJNRJ_E11REB_12_WAI97_H;"September 12, 2026";"September 12, 2026 2:00:12 PM";"September 12, 2026 2:10:12 PM";;Ended OK;test wait serveur WDKENEP11;sleep 600;Command;No;1;No;CTMSRV;NRJNRJ_E11REB_12_H;root;ldkctmp50;SRV_PRIMAIRE;408v0
NRJ-ENERGY;NRJNRJ_E11REB_12_H;NRJNRJ_E11REB_12_WAI98_H;"September 12, 2026";"September 12, 2026 2:00:09 PM";"September 12, 2026 2:10:09 PM";;Ended OK;test wait serveur WDKENEP12;sleep 600;Command;No;1;No;CTMSRV;NRJNRJ_E11REB_12_H;root;ldkctmp50;SRV_PRIMAIRE;408v5
NRJ-ENERGY;NRJNRJ_E11REB_12_H;NRJNRJ_E11REB_12_WAI99_H;"September 12, 2026";"September 12, 2026 2:00:12 PM";"September 12, 2026 2:10:12 PM";;Ended OK;test wait serveur WDKENEP13;sleep 600;Command;No;1;No;CTMSRV;NRJNRJ_E11REB_12_H;root;ldkctmp50;SRV_PRIMAIRE;408va
NRJ-ENERGY;NRJNRJ_J11TEC_04_Q;NRJNRJ_J11TEC_04_FBV99_Q;"September 12, 2026";"September 12, 2026 1:30:09 PM";"September 12, 2026 1:30:09 PM";;Ended OK;controle heure fin trait.  DPRNRJ;FIN_BATCH_VEILLE;Dummy;No;1;No;CTMSRV;NRJNRJ_J11TEC_04_Q;eblondez;;;407e6
NRJ-ENERGY;NRJNRJ_J11TEC_04_Q;NRJNRJ_J11TEC_04_FIN99_Q;"September 12, 2026";;;;Wait for Event;Fin trait. NRJ;U112_FIN;Dummy;No;0;No;CTMSRV;NRJNRJ_J11TEC_04_Q;ctmuser;;;407e7
NRJ-ENERGY;NRJNRJ_J11TEC_04_Q;NRJNRJ_J11TEC_04_FJA97_Q;"September 12, 2026";;;;Wait for Event;Fin trait. Interfaces entrantes NRJ;U112_INTERFACE_ENT;Dummy;No;0;No;CTMSRV;NRJNRJ_J11TEC_04_Q;ctmuser;;;407e8
NRJ-ENERGY;NRJNRJ_J11TEC_04_Q;NRJNRJ_J11TEC_04_FJA98_Q;"September 12, 2026";;;;Wait for Event;Fin trait. Interfaces sortantes NRJ;U112_INTERFACE_SOR;Dummy;No;0;No;CTMSRV;NRJNRJ_J11TEC_04_Q;ctmuser;;;407e9
NRJ-ENERGY;NRJNRJ_J11TEC_04_Q;NRJNRJ_J11TEC_04_FJA99_Q;"September 12, 2026";;;;Wait for Event;Fin trait. specifiques NRJ (hors trait harry );U112_TRAIT;Dummy;No;0;No;CTMSRV;NRJNRJ_J11TEC_04_Q;ctmuser;;;407ea
NRJ-ENERGY;NRJNRJ_J11TEC_04_Q;NRJNRJ_J11TEC_04_Q;"September 12, 2026";"September 12, 2026 1:30:09 PM";;;Executing;ENERGY: JALON;;SMART Table;No;1;No;CTMSRV;NRJNRJ_J11TEC_04_Q;;;;407e5
NRJ-ENERGY;NRJNRJ_J12TEC_04_Q;NRJNRJ_J12TEC_04_CPY03_Q;"September 12, 2026";;;;Wait for Event;Copie fichiers IN-OUT FIN DE BATCH sur DKA_IMNORD;U512012220;Dummy;No;0;No;CTMSRV;NRJNRJ_J12TEC_04_Q;root;A_L_ENE12;A_L_ENE12;408xd
NRJ-ENERGY;NRJNRJ_J12TEC_04_Q;NRJNRJ_J12TEC_04_DEL04_Q;"September 12, 2026";;;;Wait for Event;"delete des /index/admin/DPRNRJ/[b;c]dump/*.trc";U512012230.sh;Dummy;No;0;No;CTMSRV;NRJNRJ_J12TEC_04_Q;root;A_L_ENE12;A_L_ENE12;408xe
NRJ-ENERGY;NRJNRJ_J12TEC_04_Q;NRJNRJ_J12TEC_04_LOG01_Q;"September 12, 2026";;;;Wait for Event;Mise A DISPO LOGS EN FIN DE BATCH sur DKA_IMNORD;U512012210;Dummy;No;0;No;CTMSRV;NRJNRJ_J12TEC_04_Q;root;A_L_ENE12;A_L_ENE12;408xb
NRJ-ENERGY;NRJNRJ_J12TEC_04_Q;NRJNRJ_J12TEC_04_MOV02_Q;"September 12, 2026";;;;Wait for Event;DEPLACEMENT DES FIC7* dans /index/energy/ficharry;U512012215.sh;Dummy;No;0;No;CTMSRV;NRJNRJ_J12TEC_04_Q;root;A_L_ENE12;A_L_ENE12;408xc
NRJ-ENERGY;NRJNRJ_J12TEC_04_Q;NRJNRJ_J12TEC_04_PUR01_Q;"September 12, 2026";;;;Wait for Event;Purge des logs apres transfert sur DKA_IMNORD;Purge_Log.sh;Job;No;0;No;CTMSRV;NRJNRJ_J12TEC_04_Q;root;A_L_ENE12;A_L_ENE12;408xf
NRJ-ENERGY;NRJNRJ_J13TRT_04_W;NRJNRJ_J13TRT_04_EXP97_W;"September 12, 2026";;;;Wait for Event;NRJ : SPEGYEVT4 : Generation releves compteurs fictifs;U112410010.cmd;Job;No;0;No;CTMSRV;NRJNRJ_J13TRT_04_W;svce_cm;A_W_ENE11;A_W_ENE11;407q6
NRJ-ENERGY;NRJNRJ_J13TRT_04_W;NRJNRJ_J13TRT_04_W;"September 12, 2026";"September 12, 2026 1:30:09 PM";;;Executing;;;SMART Table;No;1;No;CTMSRV;NRJNRJ_J13TRT_04_W;;;;407q5
NRJ-ENERGY;NRJNRJ_J14TRT_04_W;NRJNRJ_J14TRT_04_W;"September 12, 2026";"September 12, 2026 1:30:09 PM";;;Executing;;;SMART Table;No;1;No;CTMSRV;NRJNRJ_J14TRT_04_W;;;;408mj
NRJ-ENERGY;NRJNRJ_J14TRT_04_W;NRJNRJ_J14TRT_04_WRK01_W;"September 12, 2026";;;;Wait for Event;NRJ : SPEGYEVT2 : Detection releves complets;U112420010.sh;Job;No;0;No;CTMSRV;NRJNRJ_J14TRT_04_W;root;A_L_ENE12;A_L_ENE12;408mk
NRJ-ENERGY;NRJNRJ_J16TRT_04_W;NRJNRJ_J16TRT_04_00000_W;"September 12, 2026";;;;Wait for Event;SPEGYTBT1 : Debut Chaine : Tableaux de bord;U112440;Dummy;No;0;No;CTMSRV;NRJNRJ_J16TRT_04_W;root;;;407z5
NRJ-ENERGY;NRJNRJ_J16TRT_04_W;NRJNRJ_J16TRT_04_99999_W;"September 12, 2026";;;;Wait for Event;SPEGYTBT1 : Fin de chaîne : Tableaux de bord;U112440999;Dummy;No;0;No;CTMSRV;NRJNRJ_J16TRT_04_W;root;;;407z4
NRJ-ENERGY;NRJNRJ_J16TRT_04_W;NRJNRJ_J16TRT_04_CAL10_W;"September 12, 2026";;;;Wait for Event;SPEGYTBT1 : Execution calcul tableaux de bord techniques FR04;U112440040.cmd;Job;No;0;No;CTMSRV;NRJNRJ_J16TRT_04_W;DCDKETI/svce_cm;A_W_ENE14;A_W_ENE14;407z3
NRJ-ENERGY;NRJNRJ_J16TRT_04_W;NRJNRJ_J16TRT_04_CAL97_W;"September 12, 2026";;;;Wait for Event;SPEGYTBT1 : Execution calcul tableaux de bord techniques;U112440010.cmd;Job;No;0;No;CTMSRV;NRJNRJ_J16TRT_04_W;svce_cm;A_W_ENE11;A_W_ENE11;407z0
NRJ-ENERGY;NRJNRJ_J16TRT_04_W;NRJNRJ_J16TRT_04_CAL98_W;"September 12, 2026";;;;Wait for Event;SPEGYTBT1 : Execution calcul tableaux de bord techniques FR02;U112440020.cmd;Job;No;0;No;CTMSRV;NRJNRJ_J16TRT_04_W;svce_cm;A_W_ENE12;A_W_ENE12;407z1
NRJ-ENERGY;NRJNRJ_J16TRT_04_W;NRJNRJ_J16TRT_04_CAL99_W;"September 12, 2026";;;;Wait for Event;SPEGYTBT1 : Execution calcul tableaux de bord techniques FR01;U112440030.cmd;Job;No;0;No;CTMSRV;NRJNRJ_J16TRT_04_W;svce_cm;A_W_ENE13;A_W_ENE13;407z2
NRJ-ENERGY;NRJNRJ_J16TRT_04_W;NRJNRJ_J16TRT_04_W;"September 12, 2026";"September 12, 2026 1:30:09 PM";;;Executing;;;SMART Table;No;1;No;CTMSRV;NRJNRJ_J16TRT_04_W;;;;407yz
NRJ-ENERGY;NRJNRJ_J17TRT_04_W;NRJNRJ_J17TRT_04_00000_W;"September 12, 2026";;;;Wait for Event;NRJ : SPEGYINT1 : Calcul de l interessement et suivi contractuel;U112460;Dummy;No;0;No;CTMSRV;NRJNRJ_J17TRT_04_W;root;;;408lm
NRJ-ENERGY;NRJNRJ_J17TRT_04_W;NRJNRJ_J17TRT_04_99999_W;"September 12, 2026";;;;Wait for Event;NRJ : SPEGYINT1 : Calcul de l interessement et suivi contractuel;U112460999;Dummy;No;0;No;CTMSRV;NRJNRJ_J17TRT_04_W;root;;;408ll
NRJ-ENERGY;NRJNRJ_J17TRT_04_W;NRJNRJ_J17TRT_04_CAL10_W;"September 12, 2026";;;;Wait for Event;NRJ : SPEGYINT1 : Calcul de l interessement et suivi contractuel;U112460040.cmd;Job;No;0;No;CTMSRV;NRJNRJ_J17TRT_04_W;svce_cm;A_W_ENE14;A_W_ENE14;408lk
NRJ-ENERGY;NRJNRJ_J17TRT_04_W;NRJNRJ_J17TRT_04_CAL97_W;"September 12, 2026";;;;Wait for Event;NRJ : SPEGYINT1 : Calcul de l interessement et suivi contractuel;U112460010.cmd;Job;No;0;No;CTMSRV;NRJNRJ_J17TRT_04_W;svce_cm;A_W_ENE11;A_W_ENE11;408lh
NRJ-ENERGY;NRJNRJ_J17TRT_04_W;NRJNRJ_J17TRT_04_CAL98_W;"September 12, 2026";;;;Wait for Event;NRJ : SPEGYINT1 : Calcul de l interessement et suivi contractuel;U112460020.cmd;Job;No;0;No;CTMSRV;NRJNRJ_J17TRT_04_W;svce_cm;A_W_ENE12;A_W_ENE12;408li
NRJ-ENERGY;NRJNRJ_J17TRT_04_W;NRJNRJ_J17TRT_04_CAL99_W;"September 12, 2026";;;;Wait for Event;NRJ : SPEGYINT1 : Calcul de l interessement et suivi contractuel;U112460030.cmd;Job;No;0;No;CTMSRV;NRJNRJ_J17TRT_04_W;svce_cm;A_W_ENE13;A_W_ENE13;408lj
NRJ-ENERGY;NRJNRJ_J17TRT_04_W;NRJNRJ_J17TRT_04_W;"September 12, 2026";"September 12, 2026 1:30:09 PM";;;Executing;;;SMART Table;No;1;No;CTMSRV;NRJNRJ_J17TRT_04_W;;;;408lg
NRJ-ENERGY;NRJNRJ_J1ITRT_04_W;NRJNRJ_J1ITRT_04_00000_W;"September 12, 2026";;;;Wait for Event;NRJ : Debut Chaine : Tableaux de bord;U112440;Dummy;No;0;No;CTMSRV;NRJNRJ_J1ITRT_04_W;root;;;407pb
NRJ-ENERGY;NRJNRJ_J1ITRT_04_W;NRJNRJ_J1ITRT_04_99999_W;"September 12, 2026";;;;Wait for Event;NRJ : Fin de chaîne : Tableaux de bord;U112440999;Dummy;No;0;No;CTMSRV;NRJNRJ_J1ITRT_04_W;root;;;407pa
NRJ-ENERGY;NRJNRJ_J1ITRT_04_W;NRJNRJ_J1ITRT_04_CAL10_W;"September 12, 2026";;;;Wait for Event;NRJ : SPEGYTBT1 : 2eme passes calcul tableaux de bord;U112440040.cmd;Job;No;0;No;CTMSRV;NRJNRJ_J1ITRT_04_W;svce_cm;A_W_ENE14;A_W_ENE14;407p5
NRJ-ENERGY;NRJNRJ_J1ITRT_04_W;NRJNRJ_J1ITRT_04_CAL97_W;"September 12, 2026";;;;Wait for Event;NRJ : SPEGYTBT1 : 2eme passes calcul tableaux de bord;U112440010.cmd;Job;No;0;No;CTMSRV;NRJNRJ_J1ITRT_04_W;svce_cm;A_W_ENE11;A_W_ENE11;407p2
NRJ-ENERGY;NRJNRJ_J1ITRT_04_W;NRJNRJ_J1ITRT_04_CAL98_W;"September 12, 2026";;;;Wait for Event;NRJ : SPEGYTBT1 : 2eme passes calcul tableaux de bord;U112440020.cmd;Job;No;0;No;CTMSRV;NRJNRJ_J1ITRT_04_W;svce_cm;A_W_ENE12;A_W_ENE12;407p3
NRJ-ENERGY;NRJNRJ_J1ITRT_04_W;NRJNRJ_J1ITRT_04_CAL99_W;"September 12, 2026";;;;Wait for Event;NRJ : SPEGYTBT1 : 2eme passes calcul tableaux de bord;U112440030.cmd;Job;No;0;No;CTMSRV;NRJNRJ_J1ITRT_04_W;svce_cm;A_W_ENE13;A_W_ENE13;407p4
NRJ-ENERGY;NRJNRJ_J1ITRT_04_W;NRJNRJ_J1ITRT_04_FLG01_W;"September 12, 2026";;;;Wait for Event;Fin de chaîne : Tableaux de bord FR01;U112440399;Dummy;No;0;No;CTMSRV;NRJNRJ_J1ITRT_04_W;root;;;407p8
NRJ-ENERGY;NRJNRJ_J1ITRT_04_W;NRJNRJ_J1ITRT_04_FLG02_W;"September 12, 2026";;;;Wait for Event;Fin de chaîne : Tableaux de bord FR02;U112440299;Dummy;No;0;No;CTMSRV;NRJNRJ_J1ITRT_04_W;root;;;407p7
NRJ-ENERGY;NRJNRJ_J1ITRT_04_W;NRJNRJ_J1ITRT_04_FLG03_W;"September 12, 2026";;;;Wait for Event;Fin de chaîne : Tableaux de bord FR03;U112440199;Dummy;No;0;No;CTMSRV;NRJNRJ_J1ITRT_04_W;root;;;407p6
NRJ-ENERGY;NRJNRJ_J1ITRT_04_W;NRJNRJ_J1ITRT_04_FLG04_W;"September 12, 2026";;;;Wait for Event;Fin de chaîne : Tableaux de bord FR04;U112440499;Dummy;No;0;No;CTMSRV;NRJNRJ_J1ITRT_04_W;root;;;407p9
NRJ-ENERGY;NRJNRJ_J1ITRT_04_W;NRJNRJ_J1ITRT_04_W;"September 12, 2026";"September 12, 2026 1:30:09 PM";;;Executing;;;SMART Table;No;1;No;CTMSRV;NRJNRJ_J1ITRT_04_W;;;;407p1
NRJ-ENERGY;NRJNRJ_J23TRT_04_W;NRJNRJ_J23TRT_04_W;"September 12, 2026";"September 12, 2026 1:30:10 PM";;;Executing;;;SMART Table;No;1;No;CTMSRV;NRJNRJ_J23TRT_04_W;;;;407bf
NRJ-ENERGY;NRJNRJ_J23TRT_04_W;NRJNRJ_J23TRT_04_WRK01_W;"September 12, 2026";;;;Wait for Event;NRJ : SPEGYEVT9;NRJNRJ_J23TRT_04_WRK01_Q.ksh;Job;No;0;No;CTMSRV;NRJNRJ_J23TRT_04_W;dbanrj;A_L_ENE12;A_L_ENE12;407bg
NRJ-ENERGY;NRJNRJ_J24TRT_04_W;NRJNRJ_J24TRT_04_99999_W;"September 12, 2026";;;;Wait for Event;NRJ : Fin de Chaine : SPEGYPBR1;Fin de chaine SPEGYPBR1;Dummy;No;0;No;CTMSRV;NRJNRJ_J24TRT_04_W;root;;;407ck
NRJ-ENERGY;NRJNRJ_J24TRT_04_W;NRJNRJ_J24TRT_04_CAL10_W;"September 12, 2026";;;;Wait for Event;SPEGYPBR1.exe: calcul des estimations compteur suivant base référence technique (wdknrji04);NRJNRJ_J24TRT_04_CAL10_Q.cmd;Job;No;0;No;CTMSRV;NRJNRJ_J24TRT_04_W;svce_cm;A_W_ENE14;A_W_ENE14;407ch
NRJ-ENERGY;NRJNRJ_J24TRT_04_W;NRJNRJ_J24TRT_04_CAL97_W;"September 12, 2026";;;;Wait for Event;SPEGYPBR1.exe: calcul des estimations compteur suivant base référence technique (wdknrji01);NRJNRJ_J24TRT_04_CAL97_Q.cmd;Job;No;0;No;CTMSRV;NRJNRJ_J24TRT_04_W;svce_cm;A_W_ENE11;A_W_ENE11;407ci
NRJ-ENERGY;NRJNRJ_J24TRT_04_W;NRJNRJ_J24TRT_04_CAL98_W;"September 12, 2026";;;;Wait for Event;SPEGYPBR1.exe: calcul des estimations compteur suivant base référence technique (wdknrji02);NRJNRJ_J24TRT_04_CAL98_Q.cmd;Job;No;0;No;CTMSRV;NRJNRJ_J24TRT_04_W;svce_cm;A_W_ENE12;A_W_ENE12;407cj
NRJ-ENERGY;NRJNRJ_J24TRT_04_W;NRJNRJ_J24TRT_04_CAL99_W;"September 12, 2026";;;;Wait for Event;SPEGYPBR1.exe: calcul des estimations compteur suivant base référence technique (wdknrji03);NRJNRJ_J24TRT_04_CAL99_Q.cmd;Job;No;0;No;CTMSRV;NRJNRJ_J24TRT_04_W;svce_cm;A_W_ENE13;A_W_ENE13;407cg
NRJ-ENERGY;NRJNRJ_J24TRT_04_W;NRJNRJ_J24TRT_04_W;"September 12, 2026";"September 12, 2026 1:30:10 PM";;;Executing;SPEGYPBR1:  calcul des estimations compteur suivant base référence technique;;SMART Table;No;1;No;CTMSRV;NRJNRJ_J24TRT_04_W;;;;407cf
NRJ-ENERGY;NRJNRJ_J25TRT_04_W;NRJNRJ_J25TRT_04_W;"September 12, 2026";"September 12, 2026 1:30:10 PM";;;Executing;;;SMART Table;No;1;No;CTMSRV;NRJNRJ_J25TRT_04_W;;;;409cg
NRJ-ENERGY;NRJNRJ_J25TRT_04_W;NRJNRJ_J25TRT_04_WRK01_W;"September 12, 2026";;;;Wait for Event;NRJ : Consolidation des index estimés à partir des estimations;SPEGYPBR2.sh;Job;No;0;No;CTMSRV;NRJNRJ_J25TRT_04_W;dbanrj;A_L_ENE12;A_L_ENE12;409ch
NRJ-ENERGY;NRJNRJ_J26TRT_04_W;NRJNRJ_J26TRT_04_99999_W;"September 12, 2026";;;;Wait for Event;SPEGYEVT10 : Fin de chaîne : Tableaux de bord;U112440999;Dummy;No;0;No;CTMSRV;NRJNRJ_J26TRT_04_W;root;;;408xx
NRJ-ENERGY;NRJNRJ_J26TRT_04_W;NRJNRJ_J26TRT_04_W;"September 12, 2026";"September 12, 2026 1:30:09 PM";;;Executing;;;SMART Table;No;1;No;CTMSRV;NRJNRJ_J26TRT_04_W;;;;408xs
NRJ-ENERGY;NRJNRJ_J26TRT_04_W;NRJNRJ_J26TRT_04_WRK01_W;"September 12, 2026";;;;Wait for Event;NRJ : injection automatique des données;SPEGYEVT10.exe;Job;No;0;No;CTMSRV;NRJNRJ_J26TRT_04_W;dbanrj;A_W_ENE11;A_W_ENE11;408xt
NRJ-ENERGY;NRJNRJ_J26TRT_04_W;NRJNRJ_J26TRT_04_WRK02_W;"September 12, 2026";;;;Wait for Event;NRJ : injection automatique des données;SPEGYEVT10.exe;Job;No;0;No;CTMSRV;NRJNRJ_J26TRT_04_W;dbanrj;A_W_ENE13;A_W_ENE13;408xw
NRJ-ENERGY;NRJNRJ_J26TRT_04_W;NRJNRJ_J26TRT_04_WRK03_W;"September 12, 2026";;;;Wait for Event;NRJ : injection automatique des données;SPEGYEVT10.exe;Job;No;0;No;CTMSRV;NRJNRJ_J26TRT_04_W;dbanrj;A_W_ENE12;A_W_ENE12;408xu
NRJ-ENERGY;NRJNRJ_J26TRT_04_W;NRJNRJ_J26TRT_04_WRK04_W;"September 12, 2026";;;;Wait for Event;NRJ : injection automatique des données;SPEGYEVT10.exe;Job;No;0;No;CTMSRV;NRJNRJ_J26TRT_04_W;dbanrj;A_W_ENE14;A_W_ENE14;408xv
NRJ-ENERGY;NRJNRJ_J28TRT_04_Q;NRJNRJ_J28TRT_04_WRK01_Q;"September 12, 2026";;;;Wait for Event;NRJ : SPEGYPLA1 :  Orchestration des OT RP1 par Energy dans Orion;SPEGYPLA1.sh;Job;No;0;No;CTMSRV;NRJNRJ_J28TRT_04_Q;dbanrj;A_L_ENE12;A_L_ENE12;408x6
NRJ-ENERGY;NRJNRJ_K12SVG_03_Q;NRJNRJ_K12SVG_03_ARC01_Q;"September 12, 2026";"September 12, 2026 3:30:00 PM";"September 12, 2026 3:30:00 PM";1300;Wait for Event;Sauvegarde Archivelogs de DBONRJP1  (Base 10g) -;backup_rman_10.sh;Dummy;No;2;Yes;CTMSRV;NRJNRJ_K12SVG_03_Q;oracle;;NOTEXIST;4089v
NRJ-ENERGY;NRJNRJ_K12SVG_03_Q;NRJNRJ_K12SVG_03_AVA01_Q;"September 12, 2026";;;;Wait for Event;Sauvegarde AVAMAR du serveur UDKNRJP01:serveur decomm depuis le 14062019;LaunchSave.sh;Dummy;No;0;No;CTMSRV;NRJNRJ_K12SVG_03_Q;root;NOTEXIST;NOTEXIST;4089u
NRJ-ENERGY;NRJNRJ_K12SVG_03_Q;NRJNRJ_K12SVG_03_RMA01_Q;"September 12, 2026";;;;Wait for Event;Sauvegarde RMAN sur disque de DBONRJP1 (Base 10g) -;backup_rman_10.sh;Dummy;No;0;No;CTMSRV;NRJNRJ_K12SVG_03_Q;oracle;NOTEXIST;NOTEXIST;4089s
NRJ-ENERGY;NRJNRJ_K12SVG_03_Q;NRJNRJ_K12SVG_03_RMA02_Q;"September 12, 2026";;;>;Wait for Event;Sauvegarde RMAN sur bande de DBONRJP1 (Base 10g) -;backup_rman_10.sh;Dummy;No;0;No;CTMSRV;NRJNRJ_K12SVG_03_Q;oracle;NOTEXIST;NOTEXIST;4089t
NRJ-ENERGY;NRJNRJ_K14SVG_03_H;NRJNRJ_K14SVG_03_DMP01_H;"September 12, 2026";;;;Wait for Event;Shell d export de la base DPRNRJ;export_EGY.sh;Job;No;0;No;CTMSRV;NRJNRJ_K14SVG_03_H;dbanrj;A_L_ENE12;A_L_ENE12;407cp
NRJ-ENERGY;NRJXXX_J15GEN_06_Q;NRJXXX_J15GEN_06_EXP01_Q;"September 12, 2026";;;;Wait for Event;Export full des stations météo une fois par jour ( parm2 = 5);NRJXXX_J15GEN_06_EXP01_Q.ksh;Job;No;0;No;CTMSRV;NRJXXX_J15GEN_06_Q;dbanrj;A_L_ENE12;A_L_ENE12;4091m
NRJ-ENERGY;NRJXXX_J15GEN_06_Q;NRJXXX_J15GEN_06_FTP01_Q;"September 12, 2026";;;;Wait for Event;NRJ : Envoi FTP du stationsmeteo vers PFE;FTP_MULTI_GENERIQUE.ksh;Job;No;0;No;CTMSRV;NRJXXX_J15GEN_06_Q;root;A_L_PFE11;A_L_PFE11;4091n
NRJ-ENERGY;NRJXXX_J15GEN_06_Q;NRJXXX_J15GEN_06_Q;"September 12, 2026";"September 12, 2026 1:30:10 PM";;;Executing;Export full des stations météo une fois par jour;;SMART Table;No;1;No;CTMSRV;NRJXXX_J15GEN_06_Q;;;;4091l
NRJ-ENERGY;NRJXXX_J16GEN_06_Q;NRJXXX_J16GEN_06_EXP01_Q;"September 12, 2026";;;;Wait for Event;Quotidien : Export des données météo (PARAM=05);NRJXXX_J16GEN_06_EXP01_Q.ksh;Job;No;0;No;CTMSRV;NRJXXX_J16GEN_06_Q;dbanrj;A_L_ENE12;A_L_ENE12;407u0
NRJ-ENERGY;NRJXXX_J16GEN_06_Q;NRJXXX_J16GEN_06_FTP01_Q;"September 12, 2026";;;;Wait for Event;NRJ Transfert de donneesmeteo_* vers PFE;FTP_MULTI_GENERIQUE.ksh;Job;No;0;No;CTMSRV;NRJXXX_J16GEN_06_Q;root;A_L_PFE11;A_L_PFE11;407u1
NRJ-ENERGY;NRJXXX_J16GEN_06_Q;NRJXXX_J16GEN_06_Q;"September 12, 2026";"September 12, 2026 1:30:09 PM";;;Executing;;;SMART Table;No;1;No;CTMSRV;NRJXXX_J16GEN_06_Q;;;;407tz
NRJ-ENERGY;NRJXXX_J17GEN_06_Q;NRJXXX_J17GEN_06_EXP01_Q;"September 12, 2026";"September 12, 2026 2:31:21 PM";"September 12, 2026 2:32:13 PM";;Ended OK;Horaire : Export des données météo (PARAM=14);NRJXXX_J17GEN_06_EXP01_Q.ksh;Job;No;1;No;CTMSRV;NRJXXX_J17GEN_06_Q;dbanrj;ldkenep12;A_L_ENE12;407cv
NRJ-ENERGY;NRJXXX_J17GEN_06_Q;NRJXXX_J17GEN_06_FTP01_Q;"September 12, 2026";"September 12, 2026 2:32:13 PM";"September 12, 2026 2:32:16 PM";;Ended OK;NRJ Transfert de donneesmeteo_* vers PFE;FTP_MULTI_GENERIQUE.ksh;Job;No;1;No;CTMSRV;NRJXXX_J17GEN_06_Q;root;ldkpfep11;A_L_PFE11;407cw
NRJ-ENERGY;NRJXXX_J17GEN_06_Q;NRJXXX_J17GEN_06_Q;"September 12, 2026";"September 12, 2026 1:30:09 PM";"September 12, 2026 2:32:16 PM";;Ended OK;;;SMART Table;No;1;No;CTMSRV;NRJXXX_J17GEN_06_Q;;ldkctmp50;;407cu
NRJ-ENERGY;NRJXXX_J18GEN_06_Q;NRJXXX_J18GEN_06_EXP01_Q;"September 12, 2026";;;;Wait for Event;Tri horaire : Export des données météo (PARAM=18);NRJXXX_J18GEN_06_EXP01_Q.ksh;Job;No;0;No;CTMSRV;NRJXXX_J18GEN_06_Q;dbanrj;A_L_ENE12;A_L_ENE12;407b5
NRJ-ENERGY;NRJXXX_J18GEN_06_Q;NRJXXX_J18GEN_06_FTP01_Q;"September 12, 2026";;;;Wait for Event;NRJ Transfert de donneesmeteo_* vers PFE;FTP_MULTI_GENERIQUE.ksh;Job;No;0;No;CTMSRV;NRJXXX_J18GEN_06_Q;root;A_L_PFE11;A_L_PFE11;407b6
NRJ-ENERGY;NRJXXX_J18GEN_06_Q;NRJXXX_J18GEN_06_Q;"September 12, 2026";"September 12, 2026 1:30:10 PM";;;Executing;;;SMART Table;No;1;No;CTMSRV;NRJXXX_J18GEN_06_Q;;;;407b4
NRJ-ENERGY;NRJXXX_J20GEN_06_Q;NRJXXX_J20GEN_06_EXP01_Q;"September 12, 2026";;;;Wait for Event;Tri horaire : Export des données météo (PARAM=09);NRJXXX_J20GEN_06_EXP01_Q.ksh;Job;No;0;No;CTMSRV;NRJXXX_J20GEN_06_Q;dbanrj;A_L_ENE12;A_L_ENE12;407c9
NRJ-ENERGY;NRJXXX_J20GEN_06_Q;NRJXXX_J20GEN_06_FTP01_Q;"September 12, 2026";;;;Wait for Event;NRJ Transfert de donneesmeteo_* vers PFE;FTP_MULTI_GENERIQUE.ksh;Job;No;0;No;CTMSRV;NRJXXX_J20GEN_06_Q;root;A_L_PFE11;A_L_PFE11;407ca
ORA-ORA;CDBCRT_K13SVG_01_Q;CDBCRT_K13SVG_02_ARCH_Q;"September 12, 2026";;;;Wait for Event;Sauvegarde EXACC : Backup Arch -CRT standby;;Command;No;0;No;CTMSRV;CDBCRT_K13SVG_01_Q1;oracle;A_L_OEM03;A_L_OEM03;407sq
ORA-ORA;CDBCRT_K13SVG_01_Q;CDBCRT_K13SVG_03_INC0_H;"September 12, 2026";;;;Wait for Event;Sauvegarde EXACC : backup Rman inc0 full hebdo;;Command;No;0;No;CTMSRV;CDBCRT_K13SVG_01_Q1;oracle;A_L_OEM03;A_L_OEM03;407sr
ORA-ORA;CDBDTR_K13SVG_01_Q;CDBDTR_K13SVG_01_INC0_Q;"September 12, 2026";;;;Wait for Event;Sauvegarde EXACC : Backup Full DTR inc0;;Command;No;0;No;CTMSRV;CDBDTR_K13SVG_01_Q;oracle;A_L_OEM02;A_L_OEM02;4093n
ORA-ORA;CDBFIN_K13SVG_01_Q;CDBFIN_K13SVG_01_INC0_H;"September 12, 2026";;;>;Wait for Event;Sauvegarde EXACC : Backup FULL Finance;;Command;No;0;No;CTMSRV;CDBFIN_K13SVG_01_Q;oracle;A_L_OEM02;A_L_OEM02;408cw
ORA-ORA;CDBFIN_K13SVG_01_Q;CDBFIN_K13SVG_02_ARCH_Q;"September 12, 2026";;;;Wait for Event;Sauvegarde EXACC : Backup Finance archive rman intermediaire;;Command;No;0;No;CTMSRV;CDBFIN_K13SVG_01_Q;oracle;A_L_OEM02;A_L_OEM02;408cx
ORA-ORA;CDBNRJ_K13SVG_01_Q;CDBNRJ_K13SVG_02_INC01_Q;"September 12, 2026";;;;Wait for Event;Sauvegarde EXACC : backup NRJ inc1 quotidienne en semaine du lundi au samedi;;Command;No;0;No;CTMSRV;CDBNRJ_K13SVG_01_H;oracle;A_L_OEM02;A_L_OEM02;4095c
ORA-ORA;CDBPFE_K13SVG_01_Q;CDBPFE_K13SVG_02_INC01_Q;"September 12, 2026";;;;Wait for Event;Sauvegarde EXACC : Backup Full - inc1 PFE;;Command;No;0;No;CTMSRV;CDBPFE_K13SVG_01_Q;oracle;A_L_OEM02;A_L_OEM02;407nl
ORA-ORA;CDBSSO_K13SVG_01_Q;CDBSSO_K13SVG_02_INC01_Q;"September 12, 2026";;;;Wait for Event;Sauvegarde EXACC : Backup Full - inc1 SSO;;Command;No;0;No;CTMSRV;CDBSSO_K13SVG_01_Q1;oracle;A_L_OEM02;A_L_OEM02;408c6
PKI-PKI;PKICRT_J11TRT_04_Q;PKICRT_J11TRT_04_Q;"September 12, 2026";"September 12, 2026 1:30:09 PM";;;Executing;;;SMART Table;No;1;No;CTMSRV;PKICRT_J11TRT_04_Q;;;;408ph
PKI-PKI;PKICRT_J11TRT_04_Q;PKICRT_J11_TRT_04_PRT_Q;"September 12, 2026";;;>;Wait for Event;generation de la CRL;;Command;No;0;No;CTMSRV;PKICRT_J11TRT_04_Q;crtprd\pki-adm-srv;A_W_CRTPK10;A_W_CRTPK10;408pi
PKI-PKI;PKIPKI_EXPLOI_04_Q;PKIPKI_EXPLOI_04_GEN01_Q;"September 12, 2026";;;;Wait for Event;Génération de la CRL;certutil.exe;Command;No;0;No;CTMSRV;PKIPKI_EXPLOI_04_Q;svce_cm;A_W_PKI10;A_W_PKI10;408o1
PKI-PKI;PKIPKI_EXPLOI_04_Q;PKIPKI_EXPLOI_04_MDB01_Q;"September 12, 2026";;;;Wait for Event;Maintenance de la Base de donnée;maintenance_DB.ps1;Command;No;0;No;CTMSRV;PKIPKI_EXPLOI_04_Q;svce_cm;A_W_PKI10;A_W_PKI10;408o3
PKI-PKI;PKIPKI_EXPLOI_04_Q;PKIPKI_EXPLOI_04_Q;"September 12, 2026";"September 12, 2026 1:30:09 PM";;;Executing;Traitement en interne pour l'application PKI avec reboot;;SMART Table;No;1;No;CTMSRV;PKIPKI_EXPLOI_04_Q;;;;408o0
PKI-PKI;PKIPKI_EXPLOI_04_Q;PKIPKI_EXPLOI_04_SVG01_Q;"September 12, 2026";;;;Wait for Event;Sauvegarde;Backup.ps1;Command;No;0;No;CTMSRV;PKIPKI_EXPLOI_04_Q;svce_cm;A_W_PKI10;A_W_PKI10;408o2
PKI-PKI;PKIPKI_K11SVG_03_Q;PKIPKI_K11SVG_03_Q;"September 12, 2026";"September 12, 2026 1:30:10 PM";"September 12, 2026 1:45:12 PM";;Ended OK;;;SMART Table;No;1;No;CTMSRV;PKIPKI_K11SVG_03_Q;;ldkctmp50;;409do
PKI-PKI;PKIPKI_K11SVG_03_Q;PKIPKI_K11SVG_03_SAV_Q;"September 12, 2026";"September 12, 2026 1:30:10 PM";"September 12, 2026 1:45:11 PM";0100;Ended OK;Backup de l'enviroment PKI;backup.cmd;Job;No;1;No;CTMSRV;PKIPKI_K11SVG_03_Q;crtprd\pki-adm-srv;wdkcrtpkp10;A_W_CRTPK10;409dp
SI-GESTION;MAINTENANCE_OEM_GESTION;MAINTENANCE_OEM_GESTION;"September 12, 2026";"September 12, 2026 1:30:09 PM";"September 12, 2026 1:30:11 PM";;Ended OK;MAINTENANCE_OEM_GESTION;;SMART Table;No;1;No;CTMSRV;MAINTENANCE_OEM_GESTION;;;;4081n
